person 0.963197 1520 254 1556 314
person 0.939947 981 114 1002 151
person 0.937323 929 90 952 131
person 0.921361 1465 246 1501 312
person 0.906208 1109 101 1135 168
person 0.894218 820 157 845 198
person 0.886381 1074 110 1092 149
person 0.831333 1109 279 1148 311
person 0.826672 693 266 743 307
person 0.739915 1039 244 1071 310
person 0.732904 969 260 1005 309
person 0.710986 1629 278 1676 316
person 0.692197 1410 126 1437 174
person 0.687856 104 13 2118 279
person 0.675733 1715 77 1738 113
person 0.615252 1659 275 1702 313
person 0.601970 1196 96 1221 132
person 0.568995 1723 275 1768 317
person 0.556333 1532 101 1549 128
person 0.554397 1631 56 1653 91
person 0.531287 865 274 896 315
person 0.490834 1138 283 1166 311
person 0.490789 502 130 525 171
person 0.483453 1703 275 1746 313
person 0.447315 810 114 827 143
person 0.442185 463 291 489 312
person 0.372472 1886 25 1903 56
person 0.324136 1390 56 1408 95
person 0.316129 1199 112 1222 138
person 0.306256 1632 79 1655 103
person 0.258685 1394 284 1431 312
person 0.244542 1528 116 1549 138
