person 0.934764 572 155 596 203
person 0.931679 673 118 698 172
person 0.920587 960 259 1002 309
person 0.888707 1521 243 1552 309
person 0.881136 861 263 899 314
person 0.874237 616 267 652 312
person 0.870312 258 161 277 189
person 0.862235 533 93 551 133
person 0.855676 -23 15 1954 279
person 0.845905 1038 143 1065 181
person 0.807759 915 265 951 309
person 0.722400 1600 273 1632 313
person 0.700353 1414 49 1437 86
person 0.689911 1108 278 1142 312
person 0.666919 889 263 926 308
person 0.658112 1693 264 1736 306
person 0.618737 1631 272 1671 310
person 0.608449 496 85 511 112
person 0.595634 1073 279 1104 313
person 0.556970 924 74 943 109
person 0.526179 800 98 816 129
person 0.507984 1692 221 1727 289
person 0.452648 1104 98 1125 132
person 0.443099 985 87 1004 114
person 0.412930 1371 50 1389 82
person 0.392265 1028 273 1060 311
person 0.391018 1137 281 1166 314
person 0.366358 1107 115 1126 137
person 0.315322 1654 277 1692 308
person 0.279727 834 62 845 82
