person 0.923528 455 150 476 192
person 0.909873 616 266 651 312
person 0.901311 1526 247 1557 310
person 0.870989 589 114 609 151
person 0.855027 647 148 670 191
person 0.809411 -21 15 1934 284
person 0.776267 861 266 896 314
person 0.772106 1597 272 1630 314
person 0.760873 1628 273 1670 313
person 0.745316 960 262 999 309
person 0.734208 1702 277 1747 314
person 0.730754 354 181 378 222
person 0.728585 923 265 958 307
person 0.720709 1071 275 1103 312
person 0.688969 1111 279 1148 314
person 0.688949 746 84 766 132
person 0.650267 863 184 885 217
person 0.608568 1008 89 1026 118
person 0.595425 971 91 992 128
person 0.547734 866 161 890 210
person 0.542509 1347 52 1368 79
person 0.525081 1664 278 1709 314
person 0.490199 868 116 884 142
person 0.481439 632 100 648 128
person 0.441404 892 267 925 307
person 0.416831 833 100 846 119
person 0.398809 785 85 799 118
person 0.386172 1366 263 1412 299
person 0.370417 1036 279 1064 314
person 0.326994 923 72 936 99
person 0.320092 850 52 865 77
person 0.285015 1136 281 1165 313
person 0.247407 636 115 651 141
