person 0.915022 792 147 814 192
person 0.881737 423 115 442 148
person 0.867044 569 146 598 216
person 0.853737 616 264 651 314
person 0.840937 4 6 1964 281
person 0.823348 1014 82 1039 139
person 0.797527 1255 120 1283 170
person 0.779825 890 264 925 309
person 0.776977 965 262 1000 309
person 0.771198 860 261 895 310
person 0.770882 339 176 363 219
person 0.766245 1479 225 1507 282
person 0.763175 894 82 912 115
person 0.740658 1621 272 1662 311
person 0.696989 930 264 964 308
person 0.689014 1703 276 1749 314
person 0.651185 837 90 857 130
person 0.613862 1506 258 1538 310
person 0.606924 1661 277 1708 314
person 0.565568 1110 280 1149 314
person 0.565336 1053 120 1077 157
person 0.530388 1075 280 1107 312
person 0.503702 1131 280 1169 317
person 0.465082 974 57 988 86
person 0.462444 1172 183 1203 224
person 0.436877 1189 80 1209 107
person 0.421652 1602 279 1634 312
person 0.375276 1156 189 1194 220
person 0.365316 1419 56 1436 84
person 0.335339 1484 259 1515 298
person 0.323723 577 129 598 163
person 0.298700 774 60 787 84
person 0.280373 586 129 607 162
person 0.267569 989 266 1017 309
person 0.266636 845 86 861 126
