person 0.943233 488 271 513 314
person 0.875221 1505 256 1541 313
person 0.858603 790 81 807 105
person 0.854288 967 265 996 310
person 0.854278 616 266 652 313
person 0.849486 1009 82 1028 114
person 0.808393 -64 4 2024 293
person 0.788935 861 262 893 312
person 0.745937 1704 275 1744 314
person 0.734645 896 266 927 308
person 0.721910 925 264 954 307
person 0.715845 938 45 956 74
person 0.682871 1656 275 1694 313
person 0.609524 1108 278 1141 314
person 0.608700 1073 279 1103 315
person 0.587048 1623 277 1656 309
person 0.567871 1589 263 1620 303
person 0.543303 1300 47 1317 75
person 0.537048 1141 73 1159 106
person 0.480769 1446 44 1470 79
person 0.476054 401 113 418 138
person 0.370981 1184 46 1195 69
person 0.301122 1138 282 1165 314
person 0.284887 1310 91 1328 107
person 0.249247 1498 261 1526 311
