person 0.951219 486 271 514 313
person 0.864427 615 267 653 312
person 0.846833 1505 257 1539 312
person 0.842795 965 265 997 310
person 0.766510 860 262 893 312
person 0.743806 1620 276 1656 310
person 0.742858 1572 222 1615 287
person 0.733417 1658 274 1701 312
person 0.731796 1011 78 1032 114
person 0.727403 -50 5 2010 296
person 0.711276 1706 277 1749 314
person 0.706637 894 266 926 308
person 0.689214 923 264 954 307
person 0.640126 1109 278 1142 314
person 0.639059 1073 280 1104 315
person 0.611055 1439 28 1467 78
person 0.551164 809 76 823 102
person 0.514791 971 51 986 73
person 0.441728 1590 269 1619 304
person 0.413770 1178 51 1199 97
person 0.320627 1342 108 1367 148
person 0.312405 1303 44 1320 66
person 0.307533 1153 54 1167 73
person 0.297511 1138 282 1165 314
person 0.248725 1331 50 1345 71
