person 0.943556 488 272 515 313
person 0.865134 617 266 651 312
person 0.830968 860 263 893 313
person 0.752991 1655 276 1699 313
person 0.744979 955 261 992 309
person 0.739457 -12 8 1960 289
person 0.719487 406 110 423 139
person 0.700954 897 267 929 308
person 0.689597 1618 277 1656 312
person 0.681517 1705 277 1747 314
person 0.663250 923 264 954 307
person 0.644299 1445 35 1472 79
person 0.636847 1075 280 1106 314
person 0.621440 1109 278 1141 313
person 0.587010 991 266 1020 308
person 0.575792 1308 42 1328 70
person 0.548744 962 40 977 71
person 0.541062 1182 75 1205 106
person 0.515955 859 64 876 93
person 0.464288 1605 279 1634 311
person 0.462886 1035 44 1049 70
person 0.432874 1145 52 1158 69
person 0.383923 1481 256 1520 303
person 0.381703 1504 258 1537 308
person 0.357231 1137 282 1166 315
person 0.289458 993 89 1007 114
person 0.285523 987 92 1001 114
