person 0.967655 1519 255 1556 315
person 0.930781 1466 246 1501 312
person 0.898907 972 77 993 118
person 0.884531 694 264 744 305
person 0.842846 955 248 992 311
person 0.840814 1073 87 1090 122
person 0.835705 1629 278 1674 317
person 0.806739 1110 280 1152 313
person 0.803782 172 10 2067 282
person 0.784491 1409 126 1437 172
person 0.767616 859 274 889 315
person 0.761632 807 265 838 309
person 0.732875 818 153 843 193
person 0.656757 1722 274 1768 318
person 0.639030 1200 121 1227 175
person 0.632881 828 91 844 122
person 0.618788 1665 276 1707 316
person 0.611355 1544 98 1568 128
person 0.608581 1715 76 1738 114
person 0.592645 1160 78 1182 120
person 0.557177 1314 88 1335 133
person 0.542849 1585 43 1606 78
person 0.517941 1128 90 1148 130
person 0.467044 1377 284 1407 310
person 0.427593 1701 275 1746 314
person 0.423697 1619 57 1644 97
person 0.382447 1135 282 1166 313
person 0.288753 1622 73 1646 103
person 0.279438 832 126 848 153
person 0.278581 1390 59 1407 92
person 0.242244 311 24 326 47
