person 0.959816 487 272 515 314
person 0.885940 618 268 650 314
person 0.875412 1503 258 1538 314
person 0.854335 859 262 893 313
person 0.815899 -31 6 1979 288
person 0.779459 956 262 991 309
person 0.778689 1615 265 1656 310
person 0.766282 407 113 423 139
person 0.734579 1486 46 1508 79
person 0.716861 899 266 930 309
person 0.708162 899 59 915 94
person 0.699928 991 266 1021 308
person 0.675114 923 264 954 307
person 0.665521 1108 278 1143 314
person 0.629465 1661 277 1702 314
person 0.613701 1706 275 1748 317
person 0.606950 1076 280 1107 315
person 0.546004 1617 218 1648 279
person 0.437581 1185 82 1206 111
person 0.371176 1523 28 1538 52
person 0.366522 1158 55 1171 72
person 0.326082 1137 282 1166 315
person 0.278413 1370 288 1399 311
