person 0.951394 598 263 627 312
person 0.938282 523 267 549 313
person 0.925663 718 183 744 236
person 0.922663 1482 252 1519 312
person 0.916208 1731 207 1762 297
person 0.912319 1229 222 1262 285
person 0.911779 925 120 951 159
person 0.899574 375 120 402 154
person 0.859004 1568 176 1595 233
person 0.857757 97 23 2152 292
person 0.833898 1305 211 1333 271
person 0.762846 1181 188 1207 255
person 0.740268 1644 203 1671 277
person 0.714847 1111 273 1150 313
person 0.704932 961 261 996 309
person 0.676820 1774 113 1802 155
person 0.653507 1181 104 1209 151
person 0.601423 1068 279 1100 315
person 0.586803 1623 267 1662 309
person 0.580897 889 260 921 307
person 0.563741 1693 274 1731 310
person 0.535546 881 192 906 241
person 0.533680 933 263 966 309
person 0.510465 1703 80 1724 109
person 0.486986 1029 88 1045 120
person 0.479441 779 271 807 307
person 0.433979 1463 139 1482 184
person 0.401065 1603 272 1634 313
person 0.369383 1412 139 1437 192
person 0.348184 1550 53 1570 88
person 0.328361 1662 270 1708 308
person 0.319841 889 226 917 272
person 0.309655 1365 135 1380 161
person 0.263090 1413 119 1434 172
person 0.241456 1180 92 1202 134
