person 0.953316 598 263 628 311
person 0.947754 523 267 549 312
person 0.928166 1670 184 1701 248
person 0.926574 706 186 737 235
person 0.902294 1487 254 1518 311
person 0.856561 200 26 2027 291
person 0.812762 1551 148 1578 201
person 0.803674 844 187 870 240
person 0.791620 1246 216 1273 286
person 0.786581 1517 158 1545 208
person 0.777411 999 91 1018 131
person 0.763114 1105 125 1135 167
person 0.735666 1157 82 1184 120
person 0.665284 1196 210 1225 270
person 0.658420 400 121 420 150
person 0.654691 1474 125 1498 174
person 0.634712 871 126 893 164
person 0.620874 1757 205 1782 270
person 0.610290 1623 271 1661 313
person 0.542543 863 263 889 308
person 0.542174 1068 280 1098 315
person 0.540437 959 262 992 308
person 0.525150 994 226 1021 280
person 0.524186 1704 272 1744 314
person 0.494830 1660 275 1697 313
person 0.462882 1337 212 1362 262
person 0.462069 1235 218 1260 277
person 0.457989 893 267 920 308
person 0.452550 1807 109 1828 149
person 0.425722 1602 275 1632 312
person 0.398068 993 253 1030 308
person 0.384749 777 272 807 308
person 0.368315 1868 215 1893 262
person 0.364919 1710 78 1730 111
person 0.356279 1123 285 1152 314
person 0.352625 395 126 413 149
person 0.301120 1314 151 1334 178
