person 0.962193 454 159 479 205
person 0.941951 563 270 597 316
person 0.922998 636 182 662 229
person 0.892208 361 154 388 207
person 0.877334 498 273 528 316
person 0.871948 858 264 890 310
person 0.865656 627 109 649 140
person 0.860188 857 74 882 127
person 0.836835 1699 276 1745 314
person 0.806507 960 80 984 127
person 0.771764 2 1 1925 276
person 0.732268 1619 273 1660 312
person 0.732012 964 263 998 309
person 0.731592 897 266 932 309
person 0.720153 964 183 997 230
person 0.717849 1438 248 1485 306
person 0.715700 308 122 323 154
person 0.671596 1656 273 1698 310
person 0.649907 1103 281 1142 315
person 0.629327 1046 128 1073 173
person 0.622699 1068 282 1099 314
person 0.613422 1408 71 1433 112
person 0.570100 1601 276 1634 313
person 0.537850 1043 150 1069 178
person 0.531058 921 259 959 307
person 0.528996 1431 229 1471 283
person 0.509056 1120 53 1146 96
person 0.485858 941 115 959 139
person 0.434570 933 237 967 275
person 0.407804 356 158 378 200
person 0.301912 1143 60 1157 83
person 0.286492 1368 45 1390 74
