person 0.968574 272 178 294 225
person 0.964275 530 156 553 208
person 0.902970 564 270 599 315
person 0.861124 1086 188 1116 242
person 0.857781 499 273 528 318
person 0.845017 1699 275 1744 313
person 0.839719 960 262 998 308
person 0.839394 -24 8 1956 276
person 0.830325 769 157 792 202
person 0.770672 863 262 894 312
person 0.762132 1029 86 1047 128
person 0.754389 1410 64 1435 115
person 0.734791 1619 273 1660 312
person 0.703176 937 81 954 114
person 0.689226 893 265 927 309
person 0.676244 918 261 955 308
person 0.675545 1656 273 1699 310
person 0.666153 910 88 926 124
person 0.636368 1430 226 1468 286
person 0.620427 1437 250 1480 307
person 0.615713 1185 110 1217 156
person 0.569152 1100 277 1138 314
person 0.546424 1601 276 1634 314
person 0.529777 1062 273 1099 314
person 0.488817 1043 262 1076 309
person 0.449845 862 59 878 90
person 0.379389 689 107 707 139
person 0.262966 1466 255 1497 309
person 0.251331 336 125 349 146
