person 0.939267 1190 189 1222 248
person 0.920034 565 269 601 314
person 0.916659 584 157 610 207
person 0.861848 -64 2 2010 276
person 0.859370 499 271 528 317
person 0.850809 960 264 997 309
person 0.844432 304 169 329 209
person 0.817545 857 268 889 312
person 0.802706 863 80 881 110
person 0.802298 823 131 844 174
person 0.778056 1442 247 1484 305
person 0.767018 1703 276 1748 315
person 0.755400 1620 273 1661 312
person 0.745849 892 266 929 308
person 0.744510 661 94 684 133
person 0.743447 1105 276 1146 313
person 0.697895 1067 276 1102 312
person 0.690196 1659 274 1703 311
person 0.663754 918 260 959 307
person 0.648640 371 108 387 138
person 0.633304 1600 276 1632 314
person 0.585010 1402 56 1431 97
person 0.581225 955 74 973 107
person 0.527425 1178 98 1198 128
person 0.499383 1070 74 1087 108
person 0.302909 1301 90 1324 128
person 0.288760 950 77 966 104
