person 0.895206 961 263 997 308
person 0.888371 514 273 547 314
person 0.860920 476 271 506 315
person 0.858350 -17 12 1925 290
person 0.834128 924 262 958 306
person 0.829172 1244 268 1280 314
person 0.826834 860 263 890 309
person 0.802237 555 93 571 129
person 0.782299 890 266 922 307
person 0.770057 644 75 662 111
person 0.766226 1700 277 1744 314
person 0.697048 1108 280 1142 312
person 0.648919 1656 275 1699 309
person 0.646120 710 53 727 84
person 0.632412 1372 230 1409 288
person 0.623104 758 266 787 311
person 0.579114 1621 277 1663 310
person 0.511960 1600 279 1635 311
person 0.502414 975 60 989 82
person 0.449118 1328 42 1348 71
person 0.429012 813 57 826 80
person 0.349975 1271 45 1287 68
person 0.331481 1083 288 1110 312
person 0.328493 1363 264 1409 297
person 0.325412 496 107 511 139
person 0.323450 1130 50 1151 95
person 0.299998 500 103 513 129
person 0.282679 1439 290 1466 310
person 0.253823 869 60 887 91
