person 0.933790 1465 247 1502 312
person 0.914225 793 116 817 159
person 0.883950 695 266 736 307
person 0.869161 953 246 987 311
person 0.849804 1533 254 1577 314
person 0.839487 263 116 288 153
person 0.807235 1627 277 1677 318
person 0.798838 1108 282 1149 313
person 0.795119 1410 125 1439 175
person 0.792837 152 9 2078 276
person 0.776616 835 165 859 207
person 0.771986 995 87 1009 116
person 0.748667 853 76 868 102
person 0.721431 656 272 686 313
person 0.720029 1235 120 1260 162
person 0.650781 1147 77 1163 112
person 0.630127 1184 91 1204 130
person 0.617445 1722 274 1770 318
person 0.580175 1734 74 1753 110
person 0.576156 1545 95 1566 125
person 0.570569 1662 275 1705 315
person 0.520622 1633 73 1657 109
person 0.518839 1137 282 1168 314
person 0.513358 1034 63 1049 85
person 0.446848 1600 48 1624 76
person 0.425113 1701 275 1749 315
person 0.412212 1232 59 1247 87
person 0.382514 1373 73 1399 115
person 0.332606 452 292 470 310
person 0.329854 815 279 839 313
person 0.326623 1890 37 1904 65
