person 0.934927 524 273 556 314
person 0.932983 472 272 503 315
person 0.867798 961 263 995 308
person 0.855115 861 262 891 312
person 0.824828 1249 270 1279 313
person 0.813695 925 261 958 307
person 0.779320 894 265 926 308
person 0.757849 -3 12 1943 280
person 0.736361 1166 74 1188 118
person 0.714581 565 106 582 138
person 0.673431 1109 281 1140 312
person 0.654575 1703 276 1743 314
person 0.583155 1659 275 1701 310
person 0.564325 652 83 669 113
person 0.562364 1621 276 1662 310
person 0.551351 796 90 813 116
person 0.529658 1371 230 1410 289
person 0.467017 1600 278 1634 311
person 0.459522 1271 46 1286 69
person 0.437168 1364 264 1410 298
person 0.430648 661 83 679 116
person 0.410746 755 55 768 80
person 0.374023 343 110 359 140
person 0.359256 961 61 973 77
person 0.340749 596 108 611 135
person 0.339481 849 58 861 79
person 0.337697 1348 47 1366 70
person 0.334641 1438 289 1465 312
person 0.331719 906 59 916 78
person 0.329708 710 76 721 96
person 0.309070 1083 288 1111 312
person 0.306070 885 101 899 121
person 0.279623 708 66 720 89
person 0.262405 1048 56 1062 76
