person 0.912413 517 271 550 312
person 0.822593 713 81 733 113
person 0.820421 960 263 996 308
person 0.814716 378 111 400 143
person 0.799091 858 261 892 311
person 0.793859 469 272 502 315
person 0.792449 1121 114 1150 161
person 0.774432 -33 3 1969 285
person 0.746045 1246 266 1281 314
person 0.733547 1700 274 1743 313
person 0.731757 631 106 651 140
person 0.726945 924 261 958 306
person 0.710344 893 265 927 307
person 0.628877 1311 54 1336 94
person 0.593337 1109 279 1141 311
person 0.584838 1656 274 1699 310
person 0.526269 1621 276 1664 310
person 0.514753 962 82 987 123
person 0.507396 1046 45 1063 74
person 0.498601 780 66 793 88
person 0.487687 1599 277 1634 311
person 0.474527 863 55 882 88
person 0.373765 866 73 890 105
person 0.313938 1442 288 1467 311
