person 0.956493 252 224 279 276
person 0.927178 474 268 507 312
person 0.904199 927 121 950 163
person 0.844854 537 265 567 316
person 0.829809 518 112 537 151
person 0.810297 962 262 995 308
person 0.807623 1701 276 1739 310
person 0.788856 8 19 1902 288
person 0.784051 1328 109 1360 144
person 0.772046 860 264 890 311
person 0.769626 333 183 354 219
person 0.746616 1106 276 1144 314
person 0.724584 1618 275 1660 311
person 0.704097 1655 274 1697 309
person 0.702869 924 263 959 306
person 0.680601 891 267 922 307
person 0.656495 1265 79 1290 105
person 0.656114 1249 258 1283 312
person 0.562275 667 130 682 157
person 0.561887 626 95 641 120
person 0.543993 593 120 613 162
person 0.503772 1601 278 1633 312
person 0.498424 613 155 631 180
person 0.465798 578 106 597 150
person 0.462517 380 171 401 206
person 0.433499 418 172 440 205
person 0.425346 1069 60 1088 87
person 0.407764 347 170 368 205
person 0.400339 735 77 752 110
person 0.328050 700 145 717 177
person 0.296697 389 185 405 208
person 0.292238 1392 252 1428 300
