person 0.964576 416 202 443 276
person 0.959159 1436 218 1464 293
person 0.913860 537 267 566 317
person 0.904779 472 269 507 313
person 0.894955 682 188 707 241
person 0.885642 548 154 573 198
person 0.862714 5 11 1931 291
person 0.861281 1037 150 1062 196
person 0.827075 964 263 1000 309
person 0.754580 854 265 885 312
person 0.731359 773 152 794 192
person 0.727395 741 115 759 153
person 0.725361 1253 258 1283 310
person 0.722161 1001 148 1025 184
person 0.709597 922 263 958 308
person 0.702091 1685 269 1738 311
person 0.689991 1107 276 1143 314
person 0.664789 889 265 921 309
person 0.661580 1623 274 1664 311
person 0.628494 711 117 725 149
person 0.602102 1345 155 1372 209
person 0.535380 1602 277 1632 312
person 0.521941 846 75 861 108
person 0.519582 1424 82 1449 123
person 0.518777 673 107 688 142
person 0.500320 1200 57 1220 91
person 0.410677 1658 273 1699 309
person 0.396937 782 120 799 153
person 0.349225 1137 271 1162 312
person 0.329302 1070 67 1086 90
person 0.321703 714 268 741 300
person 0.282823 1034 278 1059 311
person 0.246860 668 99 684 133
