person 0.949575 160 264 189 313
person 0.924903 483 270 513 312
person 0.914602 854 262 892 312
person 0.914322 951 259 996 309
person 0.860139 1742 150 1772 199
person 0.788184 1106 277 1146 314
person 0.760719 1261 86 1287 126
person 0.721940 696 258 745 307
person 0.719774 1484 81 1507 122
person 0.718737 891 263 932 309
person 0.714310 1232 256 1268 313
person 0.702369 120 284 138 313
person 0.690657 914 258 953 309
person 0.676349 142 22 2064 282
person 0.672388 1856 80 1878 126
person 0.664629 1619 273 1660 311
person 0.644542 1680 91 1701 117
person 0.619802 1698 273 1738 311
person 0.608670 1658 272 1696 308
person 0.512250 628 113 646 134
person 0.501637 1600 277 1633 312
person 0.370729 1791 97 1808 132
person 0.368924 1337 151 1362 181
person 0.348545 1362 286 1402 311
person 0.330166 1793 112 1810 142
person 0.300597 1388 157 1411 202
person 0.258272 314 40 328 69
