person 0.949362 1559 256 1590 311
person 0.924457 752 115 773 153
person 0.897124 633 274 665 311
person 0.894879 1252 118 1281 171
person 0.890131 1466 249 1500 310
person 0.848542 89 6 2134 280
person 0.832080 1629 275 1672 317
person 0.787653 1742 75 1767 111
person 0.752884 905 150 926 196
person 0.748426 1106 282 1153 313
person 0.730002 694 268 732 312
person 0.694955 1409 122 1438 176
person 0.655775 900 74 917 103
person 0.648402 985 85 1001 115
person 0.628267 1546 96 1567 126
person 0.622812 1199 88 1220 129
person 0.586510 496 286 531 316
person 0.538978 1001 250 1042 305
person 0.506293 1723 273 1767 316
person 0.503509 1664 275 1704 314
person 0.499758 1160 80 1177 107
person 0.478852 912 268 948 312
person 0.455737 1135 283 1169 314
person 0.454813 1703 275 1748 313
person 0.435553 1598 41 1618 71
person 0.386567 1628 73 1648 105
person 0.318784 1293 53 1308 79
person 0.313188 336 109 352 140
person 0.285288 1887 26 1903 55
person 0.262711 1371 287 1409 310
person 0.251038 811 275 840 314
