person 0.963340 406 266 436 309
person 0.928332 472 271 501 312
person 0.916327 1084 107 1111 160
person 0.898366 856 262 892 312
person 0.868693 953 260 995 308
person 0.816782 1157 83 1177 112
person 0.811638 591 94 611 132
person 0.756119 695 259 741 309
person 0.724337 1106 275 1145 313
person 0.701352 894 263 930 308
person 0.699155 917 259 953 307
person 0.657124 1699 273 1742 312
person 0.614769 1619 273 1661 311
person 0.604426 141 16 2066 290
person 0.572053 1228 184 1256 221
person 0.538542 1655 274 1696 310
person 0.521077 1657 89 1677 117
person 0.487494 1225 60 1239 84
person 0.469809 1601 277 1634 312
person 0.461485 1245 260 1278 314
person 0.459029 1699 120 1722 153
person 0.426209 1749 74 1772 101
person 0.403125 1363 285 1403 311
person 0.372199 239 293 260 310
person 0.358117 256 292 285 310
person 0.320054 1695 50 1714 79
person 0.317396 1572 48 1595 82
person 0.267079 1232 166 1258 211
