person 0.983001 300 223 332 273
person 0.907188 1518 247 1560 317
person 0.861436 401 152 427 198
person 0.861030 18 15 1913 285
person 0.858936 724 157 743 192
person 0.769310 560 154 587 205
person 0.753373 672 154 699 207
person 0.728908 1706 275 1750 317
person 0.728172 836 109 855 150
person 0.700123 518 176 549 234
person 0.696532 935 264 969 309
person 0.694267 816 265 859 309
person 0.677770 642 157 661 190
person 0.663145 571 271 605 314
person 0.652154 1075 275 1112 313
person 0.647004 1662 274 1696 310
person 0.626949 987 261 1020 309
person 0.591904 919 128 937 164
person 0.540314 960 259 996 308
person 0.514684 305 123 322 156
person 0.494911 516 162 542 208
person 0.477556 1111 278 1151 314
person 0.443334 602 97 617 133
person 0.419916 1728 275 1769 316
person 0.414533 555 112 573 147
person 0.403641 1629 268 1665 307
person 0.392119 1267 74 1289 108
person 0.390626 562 180 593 223
person 0.343499 698 90 715 122
person 0.309354 671 190 701 222
person 0.308935 892 269 925 305
person 0.302184 1135 279 1167 313
person 0.249987 1178 62 1197 92
