person 0.932300 1520 250 1560 314
person 0.910709 365 196 391 241
person 0.865862 -5 1 1933 282
person 0.841819 572 269 605 315
person 0.841060 567 120 588 160
person 0.821480 615 108 632 146
person 0.819875 1659 279 1705 314
person 0.814093 1477 223 1505 289
person 0.774949 864 124 882 162
person 0.736051 1705 276 1752 315
person 0.719734 820 267 851 311
person 0.665378 793 76 806 105
person 0.661481 1080 276 1113 313
person 0.622579 942 265 967 305
person 0.614807 997 131 1018 172
person 0.560921 898 267 925 305
person 0.522710 1109 278 1148 314
person 0.518084 467 217 505 260
person 0.498932 757 84 770 109
person 0.480756 810 133 827 169
person 0.474048 1306 76 1326 105
person 0.458706 990 267 1014 309
person 0.456440 964 263 995 307
person 0.453467 1244 55 1259 83
person 0.452435 475 188 508 242
person 0.449480 1337 107 1363 142
person 0.446613 698 152 723 194
person 0.437525 1726 273 1769 315
person 0.419128 1481 257 1513 302
person 0.393435 332 109 348 147
person 0.384467 995 152 1017 175
person 0.370414 1146 61 1161 87
person 0.369123 1135 280 1166 314
person 0.363564 1620 290 1657 311
person 0.329908 750 272 776 306
person 0.314961 1343 99 1364 127
person 0.254167 812 149 825 173
person 0.247671 490 167 509 202
