person 0.962594 700 151 730 188
person 0.961526 1520 252 1556 314
person 0.930264 597 267 627 314
person 0.895457 827 163 849 203
person 0.882039 898 120 924 169
person 0.872535 930 149 957 191
person 0.858723 1067 120 1091 158
person 0.836812 1060 253 1096 312
person 0.826857 1109 274 1147 312
person 0.808004 1628 276 1678 317
person 0.799709 1458 248 1490 307
person 0.746709 695 268 738 308
person 0.722766 996 149 1024 187
person 0.697862 782 145 805 183
person 0.683978 164 12 2052 272
person 0.674703 1408 123 1436 175
person 0.629395 1723 274 1768 317
person 0.618235 785 132 805 169
person 0.581763 1714 75 1740 111
person 0.571846 996 125 1019 167
person 0.530939 963 128 988 168
person 0.529243 820 275 847 312
person 0.491421 1372 57 1393 97
person 0.479335 1139 278 1166 311
person 0.472149 1529 102 1546 129
person 0.471296 1662 275 1705 314
person 0.387220 941 127 965 168
person 0.379112 1699 274 1742 313
person 0.363337 863 274 892 311
person 0.313392 879 277 907 312
person 0.282492 1621 79 1645 106
person 0.268154 42 137 55 153
