person 0.904249 1520 243 1552 309
person 0.782555 856 187 890 234
person 0.781908 154 6 2056 276
person 0.731122 1218 145 1246 183
person 0.711257 505 98 522 129
person 0.704707 1599 273 1630 313
person 0.675657 1626 272 1668 313
person 0.639870 1562 51 1581 80
person 0.626643 1163 54 1179 84
person 0.610932 861 263 895 312
person 0.598309 613 266 651 312
person 0.592687 1262 96 1283 125
person 0.588912 921 88 941 114
person 0.585088 1330 76 1352 119
person 0.580546 1109 279 1146 312
person 0.576629 936 265 964 308
person 0.551880 1122 77 1139 99
person 0.550202 1703 274 1747 314
person 0.546035 993 273 1020 312
person 0.540332 1663 274 1705 313
person 0.518188 1071 279 1102 313
person 0.487275 879 126 909 164
person 0.473076 890 263 923 308
person 0.454315 1522 51 1538 75
person 0.410518 968 58 989 92
person 0.384009 960 259 993 308
person 0.380384 1759 251 1807 311
person 0.369422 1791 57 1817 94
person 0.361993 1323 151 1346 191
person 0.276367 1489 44 1507 68
person 0.255648 1362 298 1408 319
person 0.241460 1781 90 1809 103
