person 0.915708 1520 244 1551 310
person 0.893941 -69 1 2027 283
person 0.879854 617 266 653 312
person 0.873564 702 149 725 195
person 0.862058 959 261 1001 311
person 0.835297 538 111 557 150
person 0.824001 862 264 898 313
person 0.800223 1017 86 1039 129
person 0.788391 1619 272 1657 313
person 0.765429 1189 108 1222 155
person 0.749636 915 264 951 309
person 0.742662 429 97 442 121
person 0.708847 1509 54 1534 102
person 0.705604 1108 279 1146 312
person 0.699488 1703 275 1748 314
person 0.699403 1661 276 1703 313
person 0.638918 1070 280 1103 314
person 0.626772 872 85 889 118
person 0.606937 620 109 646 173
person 0.577713 888 264 927 308
person 0.545343 1424 56 1443 85
person 0.526725 623 152 645 184
person 0.472573 1338 58 1361 89
person 0.472186 1601 278 1633 315
person 0.437638 1762 252 1812 309
person 0.412760 937 70 957 106
person 0.395734 1267 47 1288 71
person 0.342508 1117 129 1139 158
person 0.339536 729 79 743 103
person 0.334124 1136 283 1166 313
person 0.297777 931 59 951 95
person 0.293613 1112 152 1139 176
person 0.268291 776 64 788 84
person 0.266263 1362 297 1408 318
person 0.240782 8 138 32 157
