person 0.966688 407 162 438 211
person 0.953713 643 155 669 208
person 0.930107 968 146 992 190
person 0.927456 483 124 512 166
person 0.872691 617 266 651 313
person 0.857747 -102 10 2046 285
person 0.849863 1504 253 1545 311
person 0.724092 863 263 898 311
person 0.720252 1065 83 1096 135
person 0.718375 1596 277 1632 314
person 0.710773 830 76 848 120
person 0.707053 1625 275 1669 313
person 0.703431 1700 277 1748 314
person 0.684058 231 121 254 165
person 0.666619 1068 274 1105 310
person 0.658114 900 123 921 153
person 0.639646 789 95 809 133
person 0.631069 1110 279 1152 314
person 0.593118 649 95 666 126
person 0.577475 921 266 954 305
person 0.551209 751 78 766 105
person 0.528000 901 79 920 116
person 0.512963 1661 277 1710 314
person 0.488077 1369 256 1416 300
person 0.448309 959 266 993 305
person 0.431054 866 93 882 121
person 0.335455 1325 70 1348 101
person 0.308803 1032 279 1068 312
person 0.303233 889 267 922 306
person 0.291362 1134 282 1169 315
