person 0.956172 378 154 405 203
person 0.882430 615 266 653 314
person 0.872206 1502 255 1544 311
person 0.851379 493 153 522 209
person 0.823100 1618 274 1658 314
person 0.817029 -50 14 1976 280
person 0.804101 897 161 925 211
person 0.771165 1037 89 1054 116
person 0.752999 1703 276 1748 314
person 0.746455 859 263 900 311
person 0.722889 968 265 1001 309
person 0.718179 1109 127 1137 173
person 0.712946 969 81 983 106
person 0.678807 1661 276 1706 314
person 0.677314 568 165 596 212
person 0.661580 857 81 873 110
person 0.605888 991 126 1010 157
person 0.601267 1075 281 1103 312
person 0.593708 904 85 919 113
person 0.589948 924 264 957 305
person 0.587067 1374 252 1412 299
person 0.568482 1109 282 1142 312
person 0.562243 736 76 753 106
person 0.478547 1269 78 1298 123
person 0.477213 509 129 534 171
person 0.455782 282 135 298 168
person 0.399992 868 128 887 147
person 0.380827 1109 160 1136 175
person 0.359291 1604 278 1636 316
person 0.316862 1368 61 1387 94
person 0.311520 890 267 922 305
person 0.296553 896 187 921 213
person 0.292741 1138 284 1163 311
person 0.252414 510 148 533 180
person 0.250298 1268 48 1284 75
person 0.244642 984 127 1004 155
