person 0.958200 626 178 658 228
person 0.930031 523 267 549 313
person 0.888834 599 262 628 310
person 0.880069 1038 118 1067 155
person 0.764924 9 5 1932 293
person 0.734106 791 129 811 162
person 0.719905 348 117 370 149
person 0.718525 1105 211 1139 286
person 0.708356 1589 109 1618 162
person 0.706717 1502 256 1535 313
person 0.694233 759 183 782 221
person 0.691835 1221 129 1246 162
person 0.687317 1556 71 1577 108
person 0.683259 1345 116 1365 146
person 0.676240 1727 222 1760 280
person 0.665968 964 261 996 310
person 0.660743 890 264 921 309
person 0.604404 1622 273 1665 312
person 0.584407 1141 96 1160 132
person 0.562760 929 263 960 308
person 0.556706 1644 150 1675 215
person 0.540586 1485 50 1502 78
person 0.487849 1369 189 1400 242
person 0.485837 1061 203 1093 272
person 0.476146 1598 279 1631 312
person 0.471576 1231 191 1266 237
person 0.470425 1665 275 1706 310
person 0.454177 920 99 933 124
person 0.396690 1109 268 1151 308
person 0.367908 1068 272 1113 311
person 0.365221 733 241 753 268
person 0.317762 1371 211 1405 270
person 0.317268 1726 252 1766 306
person 0.316275 1359 178 1412 297
person 0.314731 820 271 850 309
person 0.281694 721 241 749 273
