person 0.952317 661 186 691 235
person 0.943775 597 264 629 311
person 0.941890 523 268 550 313
person 0.862676 207 13 2006 287
person 0.834224 930 89 948 126
person 0.824310 1221 221 1254 283
person 0.810117 1449 203 1478 271
person 0.810061 1699 186 1735 237
person 0.790747 1498 257 1539 314
person 0.761770 1109 123 1134 164
person 0.755009 1546 207 1577 265
person 0.751042 348 116 369 148
person 0.718944 1214 156 1235 198
person 0.691351 1597 277 1632 314
person 0.677692 960 262 997 311
person 0.661299 1113 272 1149 313
person 0.656818 1624 271 1663 310
person 0.630417 1071 273 1102 313
person 0.621149 1662 273 1700 313
person 0.612327 1297 146 1324 183
person 0.611777 890 264 923 310
person 0.577975 1627 118 1655 158
person 0.550565 1385 183 1409 228
person 0.546406 812 187 838 239
person 0.541211 1298 125 1321 174
person 0.518724 1166 93 1186 133
person 0.497573 1180 185 1202 228
person 0.486483 1608 76 1629 113
person 0.464741 928 263 962 310
person 0.394949 1702 274 1740 312
person 0.352703 843 125 862 157
person 0.319102 808 222 837 273
person 0.301311 863 266 893 307
person 0.280105 1524 51 1539 80
person 0.278017 777 266 811 308
person 0.272111 808 258 840 307
