person 0.934406 565 266 594 315
person 0.906686 920 143 944 188
person 0.904921 278 177 301 221
person 0.873069 401 147 423 190
person 0.865118 804 192 831 244
person 0.863162 499 273 529 322
person 0.855704 596 79 620 140
person 0.844725 1701 275 1743 313
person 0.818596 960 261 996 307
person 0.802226 14 16 1907 281
person 0.775301 864 73 888 122
person 0.758834 1618 272 1660 311
person 0.727094 1341 42 1368 83
person 0.718987 1657 274 1698 310
person 0.687888 1067 281 1101 315
person 0.653814 1458 258 1490 310
person 0.649578 1102 280 1140 315
person 0.631002 471 200 496 252
person 0.629423 858 262 896 308
person 0.600699 890 260 928 307
person 0.582340 774 95 797 136
person 0.581775 1601 276 1634 313
person 0.548314 1022 73 1036 103
person 0.530304 965 82 985 104
person 0.485496 298 122 313 151
person 0.470893 916 236 947 278
person 0.421562 917 257 956 305
person 0.407679 1400 82 1421 124
person 0.351657 1407 253 1439 300
person 0.271582 971 56 993 97
