person 0.922384 518 271 550 313
person 0.855622 963 264 995 308
person 0.840820 3 12 1937 285
person 0.800042 1700 275 1743 314
person 0.796138 1246 268 1280 314
person 0.794887 469 272 502 316
person 0.775996 615 108 635 144
person 0.770515 859 263 889 311
person 0.763340 894 265 926 307
person 0.752315 675 89 697 125
person 0.718301 927 263 959 306
person 0.701208 1236 103 1259 146
person 0.681700 350 114 370 145
person 0.670463 860 89 879 127
person 0.642466 1656 275 1699 310
person 0.615276 1109 279 1141 311
person 0.600757 1621 277 1664 311
person 0.587705 789 76 804 105
person 0.580059 1000 109 1023 141
person 0.569238 830 93 849 126
person 0.547711 1599 278 1634 311
person 0.505993 1382 227 1418 287
person 0.493821 1345 54 1363 84
person 0.343053 701 87 716 114
person 0.313320 1165 58 1181 82
person 0.307661 929 65 946 89
person 0.299099 1442 289 1467 311
person 0.288804 1307 52 1321 76
person 0.261709 1083 288 1110 312
person 0.247523 624 112 641 140
