person 0.960368 313 227 339 286
person 0.937527 472 269 505 314
person 0.923553 422 156 444 201
person 0.919446 822 151 846 197
person 0.917809 -32 9 1960 294
person 0.894471 536 183 563 235
person 0.871691 370 191 397 241
person 0.823412 1694 271 1738 312
person 0.808578 963 262 999 310
person 0.804400 1411 122 1437 171
person 0.796973 954 127 979 174
person 0.778680 464 153 489 200
person 0.747925 536 265 567 315
person 0.742028 862 263 894 311
person 0.737055 637 109 662 158
person 0.692192 921 263 957 307
person 0.662702 1619 274 1662 312
person 0.662219 1104 276 1145 315
person 0.630679 685 122 708 169
person 0.627293 789 77 806 109
person 0.613275 1655 274 1697 310
person 0.597519 889 266 920 307
person 0.546944 674 152 698 185
person 0.530824 1341 118 1368 155
person 0.514826 1250 257 1284 311
person 0.459840 1602 278 1633 313
person 0.438189 1378 79 1399 112
person 0.437108 995 62 1015 94
person 0.436192 305 120 323 154
person 0.403438 727 94 740 116
person 0.396675 1129 59 1152 86
person 0.298076 697 265 740 303
person 0.290932 1416 233 1444 278
person 0.259219 546 188 569 232
