person 0.958010 1445 224 1474 285
person 0.923693 1079 151 1104 196
person 0.898073 674 117 700 173
person 0.878172 1307 153 1336 202
person 0.871560 813 122 841 162
person 0.866768 554 169 575 204
person 0.865896 885 149 914 194
person 0.833256 1253 256 1284 308
person 0.827907 1197 218 1225 281
person 0.824885 3 13 1957 293
person 0.796219 1687 267 1738 310
person 0.730648 1457 88 1480 129
person 0.715575 1620 274 1662 311
person 0.714876 523 222 551 281
person 0.692633 1109 278 1145 313
person 0.692183 858 264 890 314
person 0.675490 473 259 508 311
person 0.675259 742 197 771 243
person 0.654550 531 245 565 313
person 0.560749 928 263 960 306
person 0.557566 484 220 511 279
person 0.556174 1656 271 1699 309
person 0.527436 1602 278 1635 313
person 0.500947 895 267 926 310
person 0.482171 872 81 890 110
person 0.448935 918 116 937 149
person 0.406956 706 122 724 154
person 0.399157 782 99 798 127
person 0.370338 1254 62 1271 90
person 0.324858 1384 149 1410 189
person 0.275921 908 132 927 153
