person 0.964545 254 267 282 309
person 0.884071 856 262 891 314
person 0.867271 1821 141 1851 198
person 0.866547 953 260 996 309
person 0.850514 470 273 500 314
person 0.825939 135 26 2097 288
person 0.803655 1433 156 1460 217
person 0.800437 1106 275 1145 313
person 0.760512 1656 271 1697 309
person 0.758121 1698 273 1740 312
person 0.726328 895 263 932 310
person 0.724635 1618 273 1660 311
person 0.719227 684 262 734 313
person 0.669083 1233 256 1269 313
person 0.645938 917 259 952 308
person 0.617200 1552 73 1568 112
person 0.555248 1608 95 1630 124
person 0.536992 1601 276 1634 312
person 0.529797 177 286 202 313
person 0.528931 1524 75 1541 110
person 0.423676 1288 82 1311 126
person 0.418472 1359 117 1384 174
person 0.359374 1878 92 1901 137
person 0.315184 623 98 643 130
person 0.313996 1765 94 1788 136
person 0.308554 1357 287 1409 311
person 0.244360 617 99 634 126
