person 0.905253 855 262 893 313
person 0.887674 952 259 996 308
person 0.858939 1815 77 1843 117
person 0.833212 259 288 287 312
person 0.811607 1104 274 1146 313
person 0.732039 689 259 742 309
person 0.727114 468 272 499 316
person 0.723809 359 271 385 310
person 0.717253 1699 273 1741 312
person 0.707750 1195 118 1223 153
person 0.705813 914 258 952 308
person 0.702508 144 11 2057 281
person 0.696665 1656 272 1696 309
person 0.670025 1619 274 1660 311
person 0.660088 609 99 625 130
person 0.628275 1363 49 1387 79
person 0.623330 893 262 932 308
person 0.622012 1601 276 1633 311
person 0.578309 1455 86 1475 110
person 0.563184 1243 258 1280 312
person 0.511238 1285 162 1312 212
person 0.482440 1361 285 1405 311
person 0.350736 1485 56 1504 84
person 0.330759 1679 120 1703 154
person 0.297145 1667 53 1691 82
person 0.256650 1219 66 1233 86
