person 0.907792 1529 250 1565 316
person 0.898379 -72 8 2014 304
person 0.854330 518 227 550 277
person 0.851562 1001 120 1028 156
person 0.833995 1662 270 1710 317
person 0.824454 435 112 459 147
person 0.820779 1854 123 1887 175
person 0.815317 581 271 612 313
person 0.763442 749 192 782 234
person 0.746521 749 123 774 155
person 0.736427 865 90 886 126
person 0.735462 742 269 780 315
person 0.717989 958 262 991 311
person 0.669846 1218 191 1254 247
person 0.666403 1078 277 1115 314
person 0.662867 990 265 1019 311
person 0.655215 497 229 526 286
person 0.613648 1419 140 1449 189
person 0.574131 1251 80 1268 111
person 0.557534 1035 63 1054 93
person 0.550684 1707 274 1752 317
person 0.493309 894 222 925 272
person 0.443812 1110 278 1150 313
person 0.441631 1322 183 1351 236
person 0.407602 1135 279 1167 313
person 0.383712 897 153 916 180
person 0.380963 1727 271 1769 316
person 0.362606 1328 47 1351 75
person 0.327935 430 113 450 142
person 0.327038 919 158 940 195
person 0.314188 1529 114 1555 140
person 0.290427 1572 60 1597 89
