person 0.924014 1518 247 1560 316
person 0.922866 548 223 579 280
person 0.897193 338 213 367 257
person 0.886811 850 184 881 235
person 0.871714 -51 21 1964 294
person 0.856052 1487 113 1519 163
person 0.847712 1660 274 1709 315
person 0.822168 929 263 967 312
person 0.805710 669 159 691 204
person 0.756916 424 165 454 212
person 0.706923 580 267 610 313
person 0.640625 595 187 620 230
person 0.639575 1078 277 1112 312
person 0.623487 644 95 661 131
person 0.619189 732 131 756 171
person 0.596018 1371 79 1391 115
person 0.586130 611 163 631 208
person 0.548540 1707 277 1752 317
person 0.523085 498 130 522 173
person 0.518657 689 86 705 122
person 0.502572 748 267 781 300
person 0.494968 979 86 993 116
person 0.479237 987 265 1019 310
person 0.472704 1088 131 1111 168
person 0.464064 1159 62 1177 90
person 0.457203 969 260 1008 310
person 0.444275 894 265 929 310
person 0.427767 319 122 334 150
person 0.385751 1110 280 1145 312
person 0.373480 1410 113 1431 141
person 0.356692 1082 152 1108 177
person 0.337371 1725 276 1766 317
person 0.305204 812 73 824 102
person 0.301684 1619 290 1657 312
person 0.257115 1137 282 1165 311
person 0.256575 786 276 818 305
person 0.244704 320 221 339 250
