person 0.950280 1509 244 1554 309
person 0.943823 626 262 658 311
person 0.855285 1601 159 1633 214
person 0.833479 1517 120 1546 157
person 0.824690 889 265 924 308
person 0.815040 994 263 1028 306
person 0.785748 939 264 969 307
person 0.772229 861 263 894 311
person 0.760707 1620 269 1659 311
person 0.759510 180 11 2042 285
person 0.744385 1453 92 1473 123
person 0.678679 1342 51 1363 81
person 0.670538 569 111 589 140
person 0.665251 1663 276 1706 314
person 0.661231 1704 276 1749 315
person 0.655968 1147 99 1179 149
person 0.625308 1694 44 1714 74
person 0.553999 1106 280 1141 311
person 0.545964 956 260 988 308
person 0.515973 1421 47 1444 83
person 0.481239 1734 19 1751 52
person 0.458530 1639 91 1666 122
person 0.457149 1079 278 1111 310
person 0.437536 1602 272 1635 313
person 0.410981 1150 93 1175 131
person 0.405703 1630 47 1649 82
person 0.360858 1198 61 1213 87
person 0.360551 574 101 592 131
person 0.330701 1138 284 1164 312
person 0.314155 1062 197 1095 255
person 0.279941 1034 273 1068 308
