0 0.962594 0.372024 0.543971 0.015341 0.120118
0 0.961526 0.800915 0.911256 0.018503 0.197112
0 0.930264 0.318634 0.934717 0.015640 0.150576
0 0.895457 0.436284 0.588956 0.011597 0.126662
0 0.882039 0.474086 0.463650 0.013735 0.158799
0 0.872535 0.491033 0.546416 0.014092 0.134025
0 0.858723 0.561716 0.447329 0.012560 0.124029
0 0.836812 0.561127 0.910469 0.018802 0.191316
0 0.826857 0.587197 0.943986 0.020070 0.121155
0 0.808004 0.860445 0.955042 0.026078 0.130559
0 0.799709 0.767514 0.894065 0.016770 0.192258
0 0.746709 0.372820 0.927403 0.022238 0.128442
0 0.722766 0.525828 0.541016 0.014317 0.123966
0 0.697862 0.413040 0.528134 0.011831 0.123154
0 0.683978 0.576780 0.456827 0.983677 0.838602
0 0.674703 0.740437 0.478895 0.014259 0.164818
0 0.629395 0.908878 0.952563 0.023380 0.139107
0 0.618235 0.413851 0.483446 0.010429 0.118538
0 0.581763 0.899367 0.299855 0.013620 0.116268
0 0.571846 0.524646 0.468504 0.012149 0.134015
0 0.530939 0.507774 0.476931 0.012581 0.129848
0 0.529243 0.434049 0.944007 0.014084 0.119228
0 0.491421 0.719617 0.247351 0.010912 0.128960
0 0.479335 0.600091 0.949097 0.013869 0.104696
0 0.472149 0.800499 0.370967 0.008686 0.086132
0 0.471296 0.876713 0.947509 0.022551 0.125761
0 0.387220 0.496225 0.474293 0.012347 0.131337
0 0.379112 0.896049 0.945657 0.022418 0.125205
0 0.363337 0.456862 0.941030 0.014872 0.119836
0 0.313392 0.464608 0.947371 0.014600 0.112220
0 0.282492 0.850270 0.296525 0.012164 0.087309
0 0.268154 0.024911 0.466293 0.006845 0.050644
