0 0.963197 0.800853 0.914301 0.019077 0.193152
0 0.939947 0.515906 0.424403 0.010930 0.119420
0 0.937323 0.489802 0.354360 0.012033 0.131747
0 0.921361 0.772132 0.897241 0.019211 0.212418
0 0.906208 0.584071 0.433129 0.013451 0.216744
0 0.894218 0.433343 0.570729 0.013515 0.131429
0 0.886381 0.563808 0.416420 0.009196 0.126060
0 0.831333 0.587513 0.950572 0.020010 0.103762
0 0.826672 0.373616 0.922087 0.025858 0.132345
0 0.739915 0.549030 0.891666 0.016719 0.214898
0 0.732904 0.513806 0.915683 0.019218 0.159228
0 0.710986 0.860535 0.957529 0.024614 0.123085
0 0.692197 0.741127 0.481892 0.014360 0.155291
0 0.687856 0.578331 0.470471 1.048795 0.858943
0 0.675733 0.899012 0.303964 0.011849 0.116210
0 0.615252 0.875035 0.947281 0.022437 0.123146
0 0.601970 0.629185 0.366195 0.012675 0.118003
0 0.568995 0.908848 0.952915 0.023484 0.137322
0 0.556333 0.802142 0.367678 0.008621 0.088350
0 0.554397 0.854850 0.236114 0.011544 0.113369
0 0.531287 0.458079 0.948336 0.016138 0.129168
0 0.490834 0.599641 0.956683 0.014268 0.090666
0 0.490789 0.267277 0.484484 0.011794 0.132931
0 0.483453 0.897743 0.946216 0.022568 0.121478
0 0.447315 0.426042 0.411978 0.008700 0.094609
0 0.442185 0.247432 0.971305 0.013477 0.068381
0 0.372472 0.986470 0.129085 0.008399 0.097108
0 0.324136 0.728565 0.243099 0.009343 0.126592
0 0.316129 0.630229 0.400905 0.011633 0.085259
0 0.306256 0.855763 0.292699 0.012006 0.077991
0 0.258685 0.735653 0.959932 0.019256 0.088621
0 0.244542 0.800879 0.407761 0.010762 0.071109
