0 0.904249 0.799714 0.889627 0.016432 0.212016
0 0.782555 0.454319 0.677605 0.017948 0.153061
0 0.781908 0.575238 0.453679 0.990151 0.872982
0 0.731122 0.641369 0.526817 0.014851 0.124213
0 0.711257 0.267152 0.363666 0.008866 0.100816
0 0.704707 0.840584 0.944522 0.016035 0.129396
0 0.675657 0.857365 0.941768 0.021910 0.135132
0 0.639870 0.818205 0.209065 0.009486 0.093482
0 0.626643 0.609593 0.220578 0.008385 0.095118
0 0.610932 0.456868 0.926873 0.017861 0.158558
0 0.598309 0.328973 0.929503 0.020045 0.147746
0 0.592687 0.662491 0.355742 0.011273 0.092973
0 0.588912 0.484800 0.323568 0.010313 0.083258
0 0.585088 0.698370 0.311348 0.011566 0.138663
0 0.580546 0.586891 0.951121 0.019150 0.107986
0 0.576629 0.494637 0.922746 0.014810 0.139781
0 0.551880 0.588729 0.282710 0.008956 0.072632
0 0.550202 0.898058 0.946981 0.022984 0.130325
0 0.546035 0.523884 0.941538 0.013938 0.127173
0 0.540332 0.876885 0.945228 0.021916 0.123904
0 0.518188 0.565548 0.952535 0.016086 0.108425
0 0.487275 0.465459 0.466796 0.015716 0.124322
0 0.473076 0.471769 0.919479 0.017121 0.146363
0 0.454315 0.796577 0.202689 0.008034 0.078361
0 0.410518 0.509329 0.239843 0.010627 0.111575
0 0.384009 0.508287 0.913388 0.016812 0.159473
0 0.380384 0.928537 0.903905 0.024915 0.192677
0 0.369422 0.939295 0.242724 0.013351 0.118198
0 0.361993 0.694798 0.549925 0.011905 0.131508
0 0.276367 0.779947 0.178481 0.009845 0.078232
0 0.255648 0.721129 0.992248 0.023796 0.067444
0 0.241460 0.934744 0.309270 0.014540 0.043027
