0 0.915708 0.799618 0.890923 0.016268 0.213973
0 0.893941 0.509223 0.454977 1.092214 0.912740
0 0.879854 0.330506 0.931508 0.018591 0.147113
0 0.873564 0.371212 0.552424 0.011797 0.147098
0 0.862058 0.510010 0.922107 0.022097 0.161156
0 0.835297 0.284818 0.418875 0.010036 0.125480
0 0.824001 0.458195 0.927797 0.018976 0.157905
0 0.800223 0.535073 0.345362 0.011561 0.137395
0 0.788391 0.852928 0.942098 0.019973 0.130652
0 0.765429 0.627654 0.423110 0.017548 0.151926
0 0.749636 0.485638 0.922668 0.018810 0.143789
0 0.742662 0.226694 0.351132 0.006940 0.078055
0 0.708847 0.792119 0.250173 0.013093 0.152119
0 0.705604 0.586506 0.951765 0.019700 0.108951
0 0.699488 0.898694 0.947684 0.023435 0.124151
0 0.699403 0.875938 0.948483 0.022056 0.120648
0 0.638918 0.565504 0.956156 0.017040 0.110567
0 0.626772 0.458264 0.326190 0.008501 0.105448
0 0.606937 0.329376 0.452773 0.013405 0.208138
0 0.577713 0.472457 0.921307 0.020366 0.142311
0 0.545343 0.746289 0.226426 0.010264 0.094229
0 0.526725 0.330017 0.539836 0.011421 0.103771
0 0.472573 0.702473 0.235157 0.012100 0.097637
0 0.472186 0.841985 0.955555 0.016525 0.118346
0 0.437638 0.930425 0.903869 0.026437 0.183489
0 0.412760 0.493081 0.282156 0.010245 0.116649
0 0.395734 0.665113 0.188533 0.010760 0.078060
0 0.342508 0.587242 0.461731 0.011002 0.091773
0 0.339536 0.383117 0.291970 0.006925 0.079676
0 0.334124 0.599124 0.959163 0.015751 0.098796
0 0.297777 0.490083 0.246952 0.010429 0.116386
0 0.293613 0.586011 0.527327 0.013738 0.079862
0 0.268291 0.407065 0.237683 0.006504 0.065892
0 0.266263 0.721004 0.990244 0.023840 0.065525
0 0.240782 0.010201 0.473451 0.012069 0.059795
