0 0.934764 0.303920 0.575747 0.012637 0.156125
0 0.931679 0.357026 0.466680 0.013019 0.173936
0 0.920587 0.510624 0.914099 0.021821 0.160037
0 0.888707 0.800106 0.888680 0.016177 0.215692
0 0.881136 0.458027 0.927837 0.019420 0.164236
0 0.874237 0.330006 0.931936 0.018671 0.145257
0 0.870312 0.138871 0.562742 0.009873 0.090250
0 0.862235 0.281896 0.361725 0.009579 0.128308
0 0.855676 0.502136 0.472332 1.030206 0.852863
0 0.845905 0.547292 0.520006 0.014321 0.121718
0 0.807759 0.485752 0.924753 0.019114 0.143221
0 0.722400 0.841399 0.942962 0.016780 0.128859
0 0.700353 0.742102 0.216335 0.011632 0.118264
0 0.689911 0.585502 0.951334 0.017668 0.109373
0 0.666919 0.472360 0.920027 0.019165 0.145193
0 0.658112 0.892749 0.917916 0.022233 0.136848
0 0.618737 0.859457 0.936153 0.020751 0.123029
0 0.608449 0.261964 0.315895 0.007570 0.089151
0 0.595634 0.566814 0.953108 0.016104 0.108448
0 0.556970 0.486072 0.293489 0.009754 0.113405
0 0.526179 0.420696 0.363605 0.008472 0.101075
0 0.507984 0.890032 0.820956 0.018537 0.218122
0 0.452648 0.580383 0.368299 0.011039 0.110439
0 0.443099 0.517771 0.323970 0.009521 0.087389
0 0.412930 0.718450 0.211627 0.009279 0.101618
0 0.392265 0.543459 0.940614 0.016893 0.125109
0 0.391018 0.599280 0.956971 0.015154 0.105698
0 0.366358 0.581238 0.404516 0.009401 0.069745
0 0.315322 0.871191 0.942030 0.019934 0.101903
0 0.279727 0.436826 0.229316 0.005608 0.065058
