0 0.923528 0.242273 0.549838 0.011129 0.133505
0 0.909873 0.329879 0.930225 0.018351 0.147977
0 0.901311 0.802743 0.897347 0.016173 0.203711
0 0.870989 0.311751 0.427046 0.010221 0.119245
0 0.855027 0.342676 0.545932 0.012151 0.140205
0 0.809411 0.497789 0.481959 1.018851 0.867654
0 0.776267 0.457152 0.933004 0.018110 0.154773
0 0.772106 0.839992 0.944803 0.016961 0.134948
0 0.760873 0.858723 0.942181 0.021833 0.128868
0 0.745316 0.509923 0.918906 0.019874 0.149599
0 0.734208 0.897816 0.950897 0.023308 0.119697
0 0.730754 0.190559 0.649356 0.012527 0.132505
0 0.728585 0.489748 0.921697 0.018161 0.136822
0 0.720709 0.565723 0.945142 0.016595 0.118167
0 0.688969 0.587907 0.954956 0.019544 0.112714
0 0.688949 0.393515 0.347085 0.010732 0.153958
0 0.650267 0.454932 0.645253 0.011922 0.106728
0 0.608568 0.529337 0.332775 0.009427 0.093266
0 0.595425 0.511056 0.351649 0.010776 0.118591
0 0.547734 0.457016 0.596253 0.012890 0.156571
0 0.542509 0.706720 0.209907 0.011212 0.085097
0 0.525081 0.878015 0.953456 0.023526 0.114713
0 0.490199 0.456130 0.414581 0.008391 0.081307
0 0.481439 0.333186 0.366453 0.008250 0.088919
0 0.441404 0.472949 0.923618 0.017528 0.130147
0 0.416831 0.436906 0.351987 0.006435 0.063037
0 0.398809 0.412226 0.325306 0.007527 0.108058
0 0.386172 0.723125 0.904718 0.024048 0.114066
0 0.370417 0.546585 0.953508 0.014792 0.112904
0 0.326994 0.483881 0.274876 0.006931 0.086265
0 0.320092 0.446278 0.205591 0.007488 0.079911
0 0.285015 0.599033 0.957005 0.015185 0.101928
0 0.247407 0.334784 0.411752 0.007878 0.083701
