0 0.966688 0.219711 0.599513 0.015822 0.155996
0 0.953713 0.341419 0.582470 0.013136 0.170899
0 0.930107 0.510221 0.539734 0.012325 0.143930
0 0.927456 0.258864 0.466551 0.015163 0.136291
0 0.872691 0.329803 0.930840 0.017832 0.151348
0 0.857747 0.505691 0.473451 1.119697 0.887919
0 0.849863 0.793805 0.909059 0.021482 0.187990
0 0.724092 0.458359 0.924474 0.017985 0.152901
0 0.720252 0.562347 0.350564 0.015989 0.167048
0 0.718375 0.840136 0.950904 0.018731 0.120470
0 0.710773 0.436683 0.315193 0.009454 0.140453
0 0.707053 0.857651 0.946539 0.022901 0.121881
0 0.703431 0.897769 0.950635 0.025070 0.119529
0 0.684058 0.125950 0.461088 0.012220 0.142173
0 0.666619 0.565411 0.941204 0.019199 0.117425
0 0.658114 0.474174 0.443669 0.010993 0.094272
0 0.639646 0.415843 0.366283 0.010745 0.124886
0 0.631069 0.588925 0.954672 0.022146 0.110217
0 0.593118 0.342338 0.356052 0.008724 0.100683
0 0.577475 0.487869 0.920269 0.017096 0.125841
0 0.551209 0.394755 0.294100 0.007646 0.087951
0 0.528000 0.473867 0.313872 0.009675 0.118919
0 0.512963 0.877619 0.951543 0.025197 0.119715
0 0.488077 0.725060 0.894574 0.024738 0.143852
0 0.448309 0.507935 0.919556 0.017905 0.126956
0 0.431054 0.454771 0.343907 0.008272 0.090286
0 0.335455 0.695849 0.274595 0.011672 0.099460
0 0.308803 0.546633 0.951515 0.018847 0.106325
0 0.303233 0.471363 0.922611 0.017159 0.125923
0 0.291362 0.599300 0.960247 0.018170 0.106767
