0 0.956172 0.203736 0.574353 0.014066 0.156186
0 0.882430 0.329768 0.932824 0.019723 0.155536
0 0.872206 0.793001 0.910335 0.021888 0.180985
0 0.851379 0.264094 0.582856 0.015530 0.179494
0 0.823100 0.852828 0.945823 0.020751 0.128300
0 0.817029 0.500838 0.472442 1.055635 0.857523
0 0.804101 0.474375 0.598081 0.014705 0.158929
0 0.771165 0.544301 0.329308 0.008672 0.084716
0 0.752999 0.898388 0.950024 0.023234 0.120034
0 0.746455 0.457629 0.924739 0.021375 0.154753
0 0.722889 0.512566 0.923336 0.017201 0.141958
0 0.718179 0.584733 0.482302 0.014787 0.147545
0 0.712946 0.508034 0.299862 0.006910 0.083270
0 0.678807 0.876506 0.951076 0.023493 0.121934
0 0.677314 0.302817 0.605962 0.014626 0.149961
0 0.661580 0.450219 0.307352 0.008398 0.094844
0 0.605888 0.520872 0.456006 0.010002 0.099945
0 0.601267 0.566800 0.954396 0.014685 0.097943
0 0.593708 0.474289 0.317866 0.007779 0.091226
0 0.589948 0.489707 0.915286 0.017234 0.130905
0 0.587067 0.725312 0.888091 0.019627 0.152403
0 0.568482 0.585787 0.957520 0.017043 0.096484
0 0.562243 0.387595 0.291713 0.008627 0.094778
0 0.478547 0.668163 0.322389 0.015329 0.144204
0 0.477213 0.271580 0.481983 0.013016 0.135688
0 0.455782 0.150811 0.487273 0.008307 0.106018
0 0.399992 0.456590 0.442081 0.009942 0.063865
0 0.380827 0.584311 0.538296 0.014268 0.048636
0 0.359291 0.843461 0.956447 0.016296 0.125664
0 0.316862 0.717379 0.247541 0.009951 0.106146
0 0.311520 0.471592 0.921898 0.016542 0.122220
0 0.296553 0.472727 0.643433 0.013072 0.086120
0 0.292741 0.599096 0.958570 0.012863 0.086579
0 0.252414 0.271379 0.526210 0.012213 0.102781
0 0.250298 0.664178 0.196622 0.008312 0.087647
0 0.244642 0.517268 0.453626 0.010573 0.088229
