0 0.915022 0.417956 0.545893 0.011446 0.146047
0 0.881737 0.225044 0.422734 0.010250 0.104651
0 0.867044 0.303642 0.581917 0.014874 0.223794
0 0.853737 0.329489 0.931337 0.018281 0.160152
0 0.840937 0.512240 0.460520 1.021154 0.887568
0 0.823348 0.534284 0.354223 0.013258 0.183600
0 0.797527 0.660664 0.465330 0.014269 0.162366
0 0.779825 0.472287 0.922650 0.018104 0.143751
0 0.776977 0.511563 0.918170 0.018010 0.151808
0 0.771198 0.456753 0.919973 0.017814 0.158263
0 0.770882 0.182506 0.634366 0.012475 0.138633
0 0.766245 0.777256 0.816610 0.014428 0.182133
0 0.763175 0.470219 0.317059 0.009200 0.107566
0 0.740658 0.854643 0.938075 0.021285 0.126076
0 0.696989 0.492980 0.921806 0.017453 0.141141
0 0.689014 0.898685 0.949762 0.023958 0.125180
0 0.651185 0.440868 0.352827 0.010399 0.130291
0 0.613862 0.792420 0.914244 0.016910 0.168025
0 0.606924 0.877089 0.950932 0.024078 0.119257
0 0.565568 0.587894 0.956974 0.020451 0.108000
0 0.565336 0.554395 0.444988 0.012820 0.121651
0 0.530388 0.568117 0.953799 0.016471 0.104843
0 0.503702 0.598781 0.961584 0.019791 0.118566
0 0.465082 0.510463 0.230446 0.007297 0.093873
0 0.462444 0.618066 0.655416 0.015961 0.133773
0 0.436877 0.624304 0.299273 0.010162 0.086353
0 0.421652 0.842352 0.951353 0.016355 0.107805
0 0.375276 0.611637 0.658382 0.019495 0.098426
0 0.365316 0.743393 0.224036 0.008930 0.091925
0 0.335339 0.780802 0.896754 0.016437 0.127926
0 0.323723 0.305663 0.469692 0.010954 0.109904
0 0.298700 0.406343 0.229405 0.006723 0.077372
0 0.280373 0.310267 0.469335 0.010791 0.106485
0 0.267569 0.522302 0.924867 0.014525 0.139259
0 0.266636 0.444049 0.341655 0.008724 0.129278
