0 0.943233 0.260442 0.941531 0.013314 0.137442
0 0.875221 0.793065 0.915482 0.018710 0.184782
0 0.858603 0.415667 0.298545 0.008434 0.078181
0 0.854288 0.510732 0.924971 0.015132 0.144388
0 0.854278 0.329963 0.932933 0.019114 0.152663
0 0.849486 0.530101 0.314620 0.009863 0.105971
0 0.808393 0.509881 0.475976 1.087621 0.932153
0 0.788935 0.456425 0.924733 0.016419 0.161732
0 0.745937 0.897839 0.948321 0.020681 0.124978
0 0.734645 0.474426 0.924630 0.015748 0.137060
0 0.721910 0.489217 0.918879 0.015041 0.138027
0 0.715845 0.492895 0.189354 0.009143 0.093821
0 0.682871 0.872296 0.946445 0.019823 0.120292
0 0.609524 0.585618 0.952899 0.017087 0.117150
0 0.608700 0.566550 0.956357 0.015568 0.115127
0 0.587048 0.853560 0.943688 0.017093 0.102663
0 0.567871 0.835551 0.911242 0.016091 0.131596
0 0.543303 0.681245 0.193865 0.008831 0.090167
0 0.537048 0.598786 0.287176 0.009222 0.107689
0 0.480769 0.759094 0.197442 0.012830 0.111737
0 0.476054 0.213168 0.403636 0.008891 0.082047
0 0.370981 0.619262 0.183959 0.006169 0.074383
0 0.301122 0.599444 0.960722 0.013853 0.103547
0 0.284887 0.686566 0.317547 0.009272 0.049603
0 0.249247 0.787193 0.921337 0.014205 0.162288
