0 0.951219 0.260103 0.941248 0.014562 0.134214
0 0.864427 0.330004 0.931579 0.019387 0.145354
0 0.846833 0.792368 0.915955 0.017822 0.178864
0 0.842795 0.510542 0.926845 0.016658 0.145596
0 0.766510 0.456283 0.925412 0.016859 0.161462
0 0.743806 0.852979 0.942738 0.018627 0.109091
0 0.742858 0.829651 0.820667 0.022584 0.209882
0 0.733417 0.874565 0.943395 0.022618 0.120602
0 0.731796 0.531787 0.307925 0.010677 0.118116
0 0.727403 0.509983 0.483472 1.073401 0.938068
0 0.711276 0.899300 0.952173 0.022558 0.119946
0 0.706637 0.473870 0.923562 0.016554 0.136094
0 0.689214 0.488452 0.918818 0.015875 0.139784
0 0.640126 0.585948 0.953297 0.017348 0.115262
0 0.639059 0.566664 0.958687 0.015872 0.111897
0 0.611055 0.756595 0.169888 0.014788 0.161029
0 0.551164 0.424696 0.285157 0.007694 0.082029
0 0.514791 0.509228 0.199443 0.007641 0.070183
0 0.441728 0.835465 0.922411 0.014738 0.115332
0 0.413770 0.618721 0.238409 0.010584 0.148840
0 0.320627 0.705187 0.411270 0.013406 0.131791
0 0.312405 0.682822 0.174975 0.009178 0.071397
0 0.307533 0.603926 0.203529 0.006857 0.063486
0 0.297511 0.599358 0.959479 0.013842 0.102302
0 0.248725 0.696694 0.192941 0.006966 0.067660
