0 0.943556 0.260763 0.942077 0.014234 0.133034
0 0.865134 0.330009 0.931463 0.017886 0.147814
0 0.830968 0.456376 0.926937 0.017180 0.160796
0 0.752991 0.872999 0.947644 0.022940 0.118838
0 0.744979 0.506920 0.917409 0.019211 0.152858
0 0.739457 0.506546 0.476209 1.027533 0.906105
0 0.719487 0.215589 0.399410 0.008596 0.092665
0 0.700954 0.475391 0.926690 0.016579 0.132748
0 0.689597 0.852431 0.948123 0.019471 0.115443
0 0.681517 0.898564 0.951588 0.021792 0.120225
0 0.663250 0.488512 0.919300 0.016067 0.137287
0 0.644299 0.759403 0.182744 0.013705 0.143991
0 0.636847 0.567727 0.956639 0.015893 0.112236
0 0.621440 0.585744 0.950987 0.016639 0.112796
0 0.587010 0.523485 0.924982 0.014774 0.134916
0 0.575792 0.686342 0.179314 0.010539 0.092626
0 0.548744 0.504790 0.177289 0.007770 0.100495
0 0.541062 0.621412 0.289252 0.011741 0.099058
0 0.515955 0.451576 0.250466 0.008389 0.093831
0 0.464288 0.843021 0.951409 0.015100 0.103110
0 0.462886 0.542355 0.181644 0.007424 0.085567
0 0.432874 0.599318 0.194120 0.006938 0.055450
0 0.383923 0.781303 0.899814 0.020000 0.149359
0 0.381703 0.791692 0.910647 0.016824 0.161447
0 0.357231 0.599535 0.961555 0.014872 0.107140
0 0.289458 0.520518 0.325834 0.007082 0.080936
0 0.285523 0.517474 0.329846 0.006983 0.070244
