0 0.967655 0.800439 0.916488 0.019195 0.193771
0 0.930781 0.772311 0.899266 0.018534 0.212813
0 0.898907 0.511283 0.313377 0.011019 0.132582
0 0.884531 0.374177 0.916372 0.025951 0.130358
0 0.842846 0.506650 0.899503 0.019051 0.204055
0 0.840814 0.562926 0.335713 0.009118 0.113930
0 0.835705 0.859813 0.957894 0.023293 0.126939
0 0.806739 0.588704 0.954662 0.021864 0.107465
0 0.803782 0.582825 0.469393 0.987268 0.876298
0 0.784491 0.740865 0.478859 0.014213 0.150265
0 0.767616 0.455003 0.948756 0.016017 0.132258
0 0.761632 0.428231 0.924555 0.016056 0.143854
0 0.732875 0.432323 0.556914 0.012767 0.129319
0 0.656757 0.908642 0.953088 0.023753 0.139334
0 0.639030 0.631779 0.476362 0.014258 0.172634
0 0.632881 0.434986 0.341472 0.008177 0.099450
0 0.618788 0.877874 0.952136 0.021992 0.128599
0 0.611355 0.810079 0.362811 0.012504 0.096705
0 0.608581 0.898812 0.303719 0.011805 0.122028
0 0.592645 0.609793 0.316742 0.011276 0.134378
0 0.557177 0.689758 0.354853 0.010939 0.142919
0 0.542849 0.830759 0.192506 0.010735 0.112743
0 0.517941 0.592647 0.352639 0.010485 0.128372
0 0.467044 0.724686 0.956419 0.015900 0.084188
0 0.427593 0.897398 0.947501 0.023389 0.124726
0 0.423697 0.849376 0.245874 0.012891 0.127961
0 0.382447 0.599074 0.958932 0.016235 0.100448
0 0.288753 0.850714 0.282884 0.012295 0.095291
0 0.279438 0.437346 0.448452 0.008266 0.089364
0 0.278581 0.728089 0.242445 0.008872 0.104736
0 0.242244 0.165509 0.112533 0.007571 0.073388
