0 0.959816 0.260482 0.943401 0.014574 0.135658
0 0.885940 0.329930 0.937186 0.016711 0.149335
0 0.875412 0.791671 0.921142 0.018251 0.182081
0 0.854335 0.456091 0.926234 0.017596 0.163511
0 0.815899 0.506731 0.471875 1.047653 0.907934
0 0.779459 0.506702 0.918792 0.018567 0.153022
0 0.778689 0.851729 0.925760 0.021269 0.143064
0 0.766282 0.216012 0.404125 0.008295 0.085248
0 0.734579 0.779400 0.200132 0.011376 0.107079
0 0.716861 0.475819 0.925960 0.016127 0.135968
0 0.708162 0.472060 0.245256 0.008100 0.114969
0 0.699928 0.523541 0.924933 0.015542 0.136986
0 0.675114 0.488436 0.919021 0.016192 0.137880
0 0.665521 0.585925 0.951960 0.017821 0.116685
0 0.629465 0.875478 0.951255 0.021112 0.121632
0 0.613701 0.899335 0.953131 0.022004 0.136761
0 0.606950 0.568180 0.959051 0.016133 0.112427
0 0.546004 0.849873 0.800605 0.015970 0.197086
0 0.437581 0.622275 0.309812 0.011071 0.094214
0 0.371176 0.796883 0.127301 0.007841 0.078393
0 0.366522 0.606305 0.203914 0.007011 0.054969
0 0.326082 0.599298 0.961563 0.015023 0.107947
0 0.278413 0.720851 0.964617 0.015015 0.071521
