0 0.958200 0.334120 0.654592 0.016253 0.161280
0 0.930031 0.278877 0.933849 0.013744 0.148920
0 0.888834 0.319345 0.921565 0.015400 0.155988
0 0.880069 0.547910 0.438885 0.015362 0.122216
0 0.764924 0.505352 0.479004 1.001787 0.927032
0 0.734106 0.416957 0.468279 0.010065 0.105149
0 0.719905 0.186718 0.426461 0.011651 0.102270
0 0.718525 0.584234 0.800941 0.017765 0.242643
0 0.708356 0.834901 0.435447 0.015414 0.168752
0 0.706717 0.790474 0.916695 0.017123 0.185837
0 0.694233 0.401040 0.650154 0.012136 0.119963
0 0.691835 0.642172 0.467223 0.012898 0.108229
0 0.687317 0.815676 0.286639 0.011033 0.118622
0 0.683259 0.705695 0.421087 0.010418 0.098450
0 0.676240 0.907905 0.808153 0.017303 0.185334
0 0.665968 0.510106 0.919303 0.017079 0.159164
0 0.660743 0.471397 0.923108 0.015772 0.145578
0 0.604404 0.855770 0.941815 0.022170 0.124093
0 0.584407 0.598897 0.366258 0.009955 0.116869
0 0.562760 0.491686 0.919533 0.016135 0.145078
0 0.556706 0.863925 0.587288 0.015910 0.208618
0 0.540586 0.777806 0.203462 0.008872 0.090467
0 0.487849 0.720969 0.694270 0.016143 0.172178
0 0.485837 0.560829 0.765362 0.016818 0.221390
0 0.476146 0.840718 0.950492 0.017236 0.107126
0 0.471576 0.650046 0.687775 0.017965 0.149673
0 0.470425 0.877617 0.941776 0.021049 0.115541
0 0.454177 0.482307 0.356800 0.007103 0.080408
0 0.396690 0.588279 0.926980 0.021992 0.128926
0 0.367908 0.567726 0.940189 0.023251 0.125809
0 0.365221 0.386847 0.819682 0.010572 0.086484
0 0.317762 0.722682 0.773693 0.017716 0.192445
0 0.317268 0.909110 0.899614 0.020776 0.174582
0 0.316275 0.721356 0.764722 0.027802 0.385713
0 0.314731 0.434530 0.934243 0.015855 0.120918
0 0.281694 0.382388 0.826519 0.014580 0.102186
