0 0.952317 0.351677 0.678692 0.015503 0.157410
0 0.943775 0.318978 0.925645 0.016279 0.153957
0 0.941890 0.279076 0.935237 0.013758 0.144969
0 0.862676 0.575910 0.481605 0.936735 0.882756
0 0.834224 0.488741 0.345245 0.009167 0.116533
0 0.824310 0.644384 0.810267 0.017142 0.199929
0 0.810117 0.762107 0.763747 0.015077 0.218260
0 0.810061 0.893790 0.679130 0.018696 0.164532
0 0.790747 0.790714 0.920319 0.021337 0.183918
0 0.761770 0.583994 0.459794 0.012942 0.132404
0 0.755009 0.813027 0.759562 0.016616 0.184749
0 0.751042 0.186425 0.424124 0.011051 0.103663
0 0.718944 0.637551 0.569269 0.011003 0.137271
0 0.691351 0.840741 0.952070 0.018164 0.121307
0 0.677692 0.509159 0.921409 0.019193 0.158830
0 0.661299 0.588960 0.941460 0.018923 0.130109
0 0.656818 0.855834 0.935029 0.020121 0.126130
0 0.630417 0.565834 0.943296 0.016143 0.129627
0 0.621149 0.875090 0.943107 0.019677 0.127292
0 0.612327 0.682272 0.529282 0.013967 0.120373
0 0.611777 0.471665 0.924384 0.017152 0.149724
0 0.577975 0.854421 0.443730 0.014197 0.126380
0 0.550565 0.727512 0.660039 0.012456 0.145087
0 0.546406 0.429497 0.686928 0.013496 0.167959
0 0.541211 0.681789 0.480534 0.011661 0.157411
0 0.518724 0.612321 0.362218 0.010591 0.129386
0 0.497573 0.619852 0.665915 0.011420 0.138559
0 0.486483 0.842775 0.304066 0.010942 0.119431
0 0.464741 0.491976 0.922547 0.017797 0.150540
0 0.394949 0.896003 0.943194 0.019848 0.122231
0 0.352703 0.443792 0.453885 0.009485 0.103625
0 0.319102 0.427932 0.797341 0.015059 0.163083
0 0.301311 0.456865 0.923460 0.015757 0.133194
0 0.280105 0.797276 0.209610 0.008018 0.091996
0 0.278017 0.413310 0.924877 0.017401 0.133912
0 0.272111 0.429037 0.909970 0.016759 0.158508
