0 0.951394 0.318826 0.926844 0.015324 0.157593
0 0.938282 0.278924 0.934096 0.013928 0.148337
0 0.925663 0.380470 0.674951 0.013458 0.172190
0 0.922663 0.781399 0.907957 0.019446 0.190962
0 0.916208 0.909380 0.810836 0.016562 0.288262
0 0.912319 0.648367 0.817017 0.016820 0.202575
0 0.911779 0.488040 0.447573 0.013533 0.125979
0 0.899574 0.202169 0.441062 0.013800 0.109656
0 0.859004 0.823411 0.656804 0.013674 0.184113
0 0.857757 0.585361 0.506485 1.070177 0.868543
0 0.833898 0.686642 0.775720 0.014845 0.192891
0 0.762846 0.621607 0.712991 0.013774 0.218316
0 0.740268 0.862919 0.773943 0.014222 0.239145
0 0.714847 0.588546 0.944638 0.020408 0.129055
0 0.704932 0.509322 0.917342 0.018192 0.154900
0 0.676820 0.930880 0.431590 0.014854 0.136067
0 0.653507 0.622304 0.410415 0.014618 0.152188
0 0.601423 0.564159 0.956952 0.016653 0.117362
0 0.586803 0.855200 0.926994 0.020243 0.137823
0 0.580897 0.470939 0.911991 0.016696 0.151826
0 0.563741 0.891355 0.940693 0.019455 0.114816
0 0.535546 0.465000 0.697189 0.013050 0.158209
0 0.533680 0.494224 0.921018 0.016956 0.151499
0 0.510465 0.892167 0.302547 0.010769 0.092086
0 0.486986 0.539911 0.333012 0.008666 0.102750
0 0.479441 0.412536 0.931692 0.014547 0.116015
0 0.433979 0.766651 0.518812 0.010134 0.146414
0 0.401065 0.842706 0.942089 0.016468 0.129589
0 0.369383 0.741874 0.532233 0.013094 0.169988
0 0.348184 0.812177 0.226058 0.010455 0.112249
0 0.328361 0.877368 0.931248 0.023691 0.122199
0 0.319841 0.469850 0.800784 0.014641 0.148800
0 0.309655 0.714486 0.477152 0.007849 0.083779
0 0.263090 0.741137 0.467878 0.010737 0.173151
0 0.241456 0.620216 0.362637 0.011532 0.133816
