0 0.953316 0.319100 0.925010 0.015349 0.156004
0 0.947754 0.278963 0.933165 0.013902 0.144377
0 0.928166 0.877463 0.694978 0.015961 0.206379
0 0.926574 0.375417 0.676899 0.015933 0.158619
0 0.902294 0.782081 0.909609 0.016211 0.182134
0 0.856561 0.579589 0.509557 0.951607 0.854919
0 0.812762 0.814532 0.561402 0.014039 0.172541
0 0.803674 0.446078 0.688235 0.013394 0.170964
0 0.791620 0.655866 0.808207 0.014156 0.226586
0 0.786581 0.797288 0.588410 0.014624 0.162969
0 0.777411 0.525042 0.356805 0.010079 0.128261
0 0.763114 0.583098 0.469078 0.015441 0.134418
0 0.735666 0.609406 0.325428 0.013815 0.123151
0 0.665284 0.630226 0.771607 0.015108 0.192587
0 0.658420 0.213340 0.436565 0.010565 0.093649
0 0.654691 0.773565 0.481066 0.012303 0.156726
0 0.634712 0.459123 0.466701 0.011941 0.123598
0 0.620874 0.921427 0.764961 0.012864 0.208902
0 0.610290 0.854979 0.941277 0.020103 0.135781
0 0.542543 0.455922 0.918261 0.013914 0.145989
0 0.542174 0.563756 0.958425 0.015668 0.111377
0 0.540437 0.507770 0.918003 0.017531 0.150805
0 0.525150 0.524530 0.814809 0.014374 0.175818
0 0.524186 0.897452 0.942918 0.020725 0.135693
0 0.494830 0.874091 0.947241 0.019118 0.120777
0 0.462882 0.702632 0.762349 0.012865 0.160687
0 0.462069 0.649468 0.795752 0.012733 0.189908
0 0.457989 0.471943 0.925364 0.013982 0.131015
0 0.452550 0.946494 0.414552 0.010752 0.129415
0 0.425722 0.842105 0.945039 0.015781 0.119949
0 0.398068 0.526641 0.902170 0.019279 0.176984
0 0.384749 0.412236 0.934478 0.015454 0.114207
0 0.368315 0.979216 0.766859 0.013430 0.151203
0 0.364919 0.895492 0.304119 0.010108 0.105076
0 0.356279 0.592180 0.963843 0.014764 0.093378
0 0.352625 0.210176 0.441535 0.009814 0.074591
0 0.301120 0.689158 0.528550 0.010436 0.085712
