0 0.934406 0.301380 0.935685 0.015213 0.156903
0 0.906686 0.485096 0.532765 0.012208 0.145323
0 0.904921 0.150587 0.641523 0.012306 0.141285
0 0.873069 0.214397 0.541919 0.011247 0.139015
0 0.865118 0.425530 0.701960 0.013873 0.167893
0 0.863162 0.267415 0.957203 0.015419 0.157488
0 0.855704 0.316401 0.352715 0.012402 0.196471
0 0.844725 0.896787 0.946754 0.021912 0.124204
0 0.818596 0.509205 0.913387 0.019019 0.148387
0 0.802226 0.499844 0.478233 0.985932 0.854784
0 0.775301 0.456213 0.313264 0.012474 0.159924
0 0.758834 0.853508 0.939677 0.021624 0.124781
0 0.727094 0.705230 0.200907 0.014136 0.131877
0 0.718987 0.873379 0.940398 0.021529 0.116288
0 0.687888 0.564263 0.959309 0.017621 0.109208
0 0.653814 0.767629 0.914838 0.016662 0.167919
0 0.649578 0.583665 0.957094 0.019778 0.112034
0 0.631002 0.251526 0.726567 0.012601 0.168744
0 0.629423 0.456515 0.918542 0.020072 0.149564
0 0.600699 0.473177 0.912559 0.019545 0.151057
0 0.582340 0.408634 0.371790 0.012030 0.130985
0 0.581775 0.842274 0.948592 0.017384 0.119616
0 0.548314 0.535573 0.282265 0.007164 0.093580
0 0.530304 0.507576 0.298268 0.010497 0.071812
0 0.485496 0.158718 0.438463 0.008022 0.094360
0 0.470893 0.484978 0.827071 0.016426 0.137023
0 0.421562 0.487610 0.904610 0.020043 0.156059
0 0.407679 0.734409 0.330566 0.011117 0.135170
0 0.351657 0.740925 0.890496 0.016726 0.152804
0 0.271582 0.511197 0.245547 0.011400 0.132180
