0 0.962193 0.242582 0.584662 0.012845 0.148467
0 0.941951 0.301932 0.943490 0.017787 0.148215
0 0.922998 0.337659 0.661223 0.013676 0.153879
0 0.892208 0.194754 0.581205 0.014155 0.170109
0 0.877334 0.266991 0.949097 0.015995 0.138072
0 0.871948 0.454912 0.924234 0.016598 0.147216
0 0.865656 0.332003 0.400094 0.011340 0.097785
0 0.860188 0.452682 0.322822 0.012707 0.169145
0 0.836835 0.896814 0.949200 0.023870 0.122020
0 0.806507 0.505904 0.332442 0.012573 0.151782
0 0.771764 0.501736 0.445613 1.001721 0.886021
0 0.732268 0.853659 0.940743 0.021741 0.125054
0 0.732012 0.510697 0.921256 0.018172 0.150899
0 0.731592 0.476123 0.925546 0.018326 0.140017
0 0.720153 0.510425 0.664282 0.016876 0.153981
0 0.717849 0.760853 0.892164 0.024248 0.186743
0 0.715700 0.164111 0.443199 0.008199 0.101010
0 0.671596 0.873413 0.939090 0.021916 0.117316
0 0.649907 0.584257 0.958628 0.020571 0.110518
0 0.629327 0.551487 0.483577 0.014163 0.147424
0 0.622699 0.564014 0.958914 0.016560 0.104117
0 0.613422 0.739485 0.293358 0.012926 0.132583
0 0.570100 0.842145 0.948080 0.016872 0.117287
0 0.537850 0.549728 0.527468 0.013285 0.089456
0 0.531058 0.489223 0.911433 0.019920 0.155013
0 0.528996 0.755627 0.824566 0.020635 0.176497
0 0.509056 0.589777 0.238777 0.013267 0.137633
0 0.485858 0.494709 0.408160 0.009250 0.076725
0 0.434570 0.494607 0.823612 0.017492 0.122510
0 0.407804 0.190821 0.576736 0.011838 0.134921
0 0.301912 0.598710 0.229945 0.007577 0.073871
0 0.286492 0.717881 0.191460 0.011138 0.092604
