0 0.968574 0.147224 0.649540 0.011441 0.151094
0 0.964275 0.281575 0.586166 0.011856 0.166585
0 0.902970 0.302598 0.940704 0.018293 0.145142
0 0.861124 0.573180 0.691763 0.016079 0.173662
0 0.857781 0.267259 0.951110 0.015322 0.146114
0 0.845017 0.896536 0.946220 0.023517 0.122437
0 0.839719 0.509511 0.917803 0.019726 0.150172
0 0.839394 0.502629 0.457015 1.031354 0.862848
0 0.830325 0.406416 0.578717 0.011883 0.145490
0 0.770672 0.457054 0.924798 0.016105 0.160915
0 0.762132 0.540357 0.343556 0.009307 0.137375
0 0.754389 0.740622 0.287136 0.012843 0.163508
0 0.734791 0.853827 0.940529 0.021412 0.125775
0 0.703176 0.492288 0.313330 0.008775 0.108157
0 0.689226 0.473534 0.923289 0.017777 0.141641
0 0.676244 0.487296 0.914903 0.019219 0.151252
0 0.675545 0.873363 0.939418 0.022032 0.118598
0 0.666153 0.477751 0.340419 0.008609 0.115886
0 0.636368 0.754425 0.824612 0.019731 0.193139
0 0.620427 0.759205 0.895628 0.022308 0.183822
0 0.615713 0.625155 0.427581 0.016680 0.148805
0 0.569152 0.582664 0.952010 0.019528 0.118089
0 0.546424 0.842291 0.949153 0.017025 0.121322
0 0.529777 0.562433 0.944912 0.018997 0.131324
0 0.488817 0.551460 0.919555 0.017272 0.151400
0 0.449845 0.452880 0.238941 0.008077 0.100601
0 0.379389 0.363303 0.394938 0.009733 0.103525
0 0.262966 0.771315 0.906620 0.016578 0.174030
0 0.251331 0.178092 0.436544 0.006701 0.068035
