0 0.939267 0.627847 0.704461 0.016551 0.189777
0 0.920034 0.303396 0.939784 0.018784 0.144874
0 0.916659 0.310655 0.584974 0.013859 0.161551
0 0.861848 0.506099 0.447184 1.080673 0.882325
0 0.859370 0.267267 0.946612 0.014916 0.147095
0 0.850809 0.509244 0.922045 0.019051 0.145951
0 0.844432 0.164502 0.608035 0.012861 0.130470
0 0.817545 0.454254 0.933453 0.016570 0.142068
0 0.802706 0.453864 0.304856 0.009407 0.094145
0 0.802298 0.433921 0.489591 0.010859 0.137446
0 0.778056 0.761581 0.887474 0.022112 0.186456
0 0.767018 0.898362 0.951282 0.023447 0.125940
0 0.755400 0.854144 0.941290 0.021493 0.124982
0 0.745849 0.474099 0.925113 0.019272 0.136495
0 0.744510 0.350221 0.365478 0.011943 0.126294
0 0.743447 0.585827 0.947829 0.021314 0.118539
0 0.697895 0.564653 0.947349 0.018045 0.114253
0 0.690196 0.875296 0.941974 0.022742 0.119439
0 0.663754 0.488573 0.912276 0.021786 0.149646
0 0.648640 0.197105 0.394634 0.008360 0.098207
0 0.633304 0.841499 0.950175 0.016847 0.120464
0 0.585010 0.737384 0.245143 0.014841 0.132912
0 0.581225 0.501871 0.290897 0.009309 0.107400
0 0.527425 0.618373 0.363007 0.010483 0.099125
0 0.499383 0.561361 0.292322 0.009094 0.107359
0 0.302909 0.683325 0.349864 0.011989 0.122264
0 0.288760 0.498537 0.290283 0.008472 0.089184
