0 0.895206 0.509430 0.918767 0.018804 0.146811
0 0.888371 0.275876 0.945897 0.017046 0.132484
0 0.860920 0.255590 0.943533 0.015584 0.139605
0 0.858350 0.496479 0.484521 1.012192 0.896352
0 0.834128 0.489872 0.915652 0.017988 0.142638
0 0.829172 0.657247 0.937129 0.018704 0.146647
0 0.826834 0.455644 0.921644 0.015607 0.148197
0 0.802237 0.293000 0.356237 0.008095 0.113782
0 0.782299 0.471667 0.923062 0.016480 0.132804
0 0.770057 0.339898 0.298347 0.009384 0.113250
0 0.766226 0.896663 0.950071 0.023322 0.119425
0 0.697048 0.585678 0.953752 0.017231 0.102493
0 0.648919 0.873614 0.940135 0.022291 0.111993
0 0.646120 0.373859 0.218186 0.008663 0.100240
0 0.632412 0.724049 0.833978 0.019606 0.186209
0 0.623104 0.401953 0.928399 0.014964 0.144967
0 0.579114 0.854892 0.946540 0.022171 0.106168
0 0.511960 0.842209 0.950405 0.017989 0.103466
0 0.502414 0.511292 0.228146 0.007528 0.071366
0 0.449118 0.696421 0.180155 0.010287 0.093429
0 0.429012 0.426525 0.219616 0.006629 0.074490
0 0.349975 0.665829 0.180426 0.008134 0.075611
0 0.331481 0.570714 0.966320 0.014205 0.077897
0 0.328493 0.721676 0.903011 0.023691 0.105735
0 0.325412 0.261906 0.394158 0.007621 0.103274
0 0.323450 0.593539 0.232338 0.010952 0.144230
0 0.299998 0.263479 0.373796 0.006538 0.084076
0 0.282679 0.756038 0.965695 0.014107 0.062642
0 0.253823 0.456936 0.241167 0.009613 0.100837
