0 0.933790 0.772537 0.899600 0.019134 0.211051
0 0.914225 0.419010 0.442752 0.012591 0.139589
0 0.883950 0.372468 0.922847 0.021628 0.132623
0 0.869161 0.504956 0.896875 0.017871 0.209969
0 0.849804 0.809783 0.913253 0.022786 0.193884
0 0.839487 0.143333 0.431924 0.012850 0.119710
0 0.807235 0.860146 0.958452 0.025599 0.130691
0 0.798838 0.587509 0.956955 0.020939 0.100865
0 0.795119 0.741831 0.482490 0.015112 0.160909
0 0.792837 0.580367 0.456958 1.003393 0.862058
0 0.776616 0.440901 0.598923 0.012340 0.136763
0 0.771986 0.521689 0.325914 0.007607 0.093156
0 0.748667 0.447710 0.285431 0.007874 0.085396
0 0.721431 0.349187 0.941766 0.015467 0.130156
0 0.720029 0.649635 0.452600 0.012869 0.136460
0 0.650781 0.601237 0.303123 0.008560 0.111754
0 0.630127 0.621444 0.354899 0.010422 0.123326
0 0.617445 0.908966 0.952306 0.024816 0.141323
0 0.580175 0.907687 0.295668 0.009873 0.114967
0 0.576156 0.809755 0.352674 0.011162 0.097437
0 0.570569 0.876585 0.950083 0.021956 0.127285
0 0.520622 0.856518 0.292262 0.012157 0.117549
0 0.518839 0.599962 0.960076 0.015802 0.101148
0 0.513358 0.542189 0.237922 0.007401 0.070432
0 0.446848 0.839347 0.198789 0.012384 0.092526
0 0.425113 0.898268 0.949591 0.024879 0.127811
0 0.412212 0.645317 0.234000 0.008064 0.092332
0 0.382514 0.721801 0.302407 0.013521 0.135676
0 0.332606 0.239944 0.970431 0.009139 0.057961
0 0.329854 0.430641 0.952406 0.012409 0.109308
0 0.326623 0.987865 0.162787 0.007195 0.089059
