0 0.934927 0.280926 0.945890 0.016295 0.131120
0 0.932983 0.253721 0.946182 0.016121 0.137944
0 0.867798 0.509106 0.919125 0.017442 0.143557
0 0.855115 0.455862 0.923410 0.015724 0.160779
0 0.824828 0.658234 0.938126 0.015749 0.140054
0 0.813695 0.490157 0.914359 0.017407 0.145989
0 0.779320 0.473675 0.922617 0.016469 0.136917
0 0.757849 0.504742 0.468813 1.014206 0.862440
0 0.736361 0.612808 0.308283 0.011840 0.141607
0 0.714581 0.298509 0.392640 0.008496 0.103468
0 0.673431 0.585523 0.954186 0.015978 0.099263
0 0.654575 0.897254 0.949367 0.021105 0.124105
0 0.583155 0.874635 0.941593 0.022004 0.113527
0 0.564325 0.343834 0.314093 0.008558 0.095432
0 0.562364 0.854681 0.943861 0.021478 0.108987
0 0.551351 0.418813 0.330044 0.008791 0.084217
0 0.529658 0.723744 0.835088 0.020224 0.190848
0 0.467017 0.842037 0.948785 0.017940 0.106380
0 0.459522 0.665711 0.184531 0.007866 0.073523
0 0.437168 0.722045 0.904346 0.023774 0.110146
0 0.430648 0.348779 0.320473 0.009501 0.106879
0 0.410746 0.396453 0.216634 0.006622 0.080028
0 0.374023 0.182481 0.402130 0.008684 0.098643
0 0.359256 0.503571 0.221697 0.006300 0.051769
0 0.340749 0.314192 0.390595 0.007886 0.089615
0 0.339481 0.444848 0.219117 0.006272 0.070396
0 0.337697 0.706497 0.187243 0.009716 0.071768
0 0.334641 0.755817 0.966538 0.013782 0.073406
0 0.331719 0.474174 0.218906 0.004884 0.060882
0 0.329708 0.372504 0.274585 0.005800 0.064717
0 0.309070 0.570948 0.965732 0.014477 0.079617
0 0.306070 0.464417 0.356542 0.007546 0.067176
0 0.279623 0.371432 0.248329 0.006124 0.072297
0 0.262405 0.549236 0.212534 0.007632 0.064730
