0 0.922384 0.277711 0.940638 0.016599 0.134927
0 0.855622 0.509512 0.920486 0.016742 0.143168
0 0.840820 0.504969 0.477565 1.007323 0.882607
0 0.800042 0.896491 0.949541 0.022595 0.125850
0 0.796138 0.657649 0.936084 0.017696 0.149559
0 0.794887 0.252544 0.946744 0.016834 0.140524
0 0.775996 0.325157 0.404930 0.010217 0.115791
0 0.770515 0.455080 0.923752 0.015749 0.154660
0 0.763340 0.473842 0.921704 0.016494 0.136489
0 0.752315 0.356917 0.343498 0.011235 0.117380
0 0.718301 0.490895 0.916907 0.016801 0.138943
0 0.701208 0.649527 0.399871 0.012204 0.138927
0 0.681700 0.187306 0.416013 0.010339 0.097065
0 0.670463 0.452615 0.347055 0.009955 0.121566
0 0.642466 0.873437 0.941962 0.022194 0.114911
0 0.615276 0.585693 0.951253 0.016633 0.103254
0 0.600757 0.855207 0.947376 0.022885 0.109737
0 0.587705 0.414546 0.290367 0.008170 0.094915
0 0.580059 0.526467 0.401273 0.011909 0.104549
0 0.569238 0.437019 0.351339 0.009876 0.108005
0 0.547711 0.841690 0.948028 0.018425 0.106806
0 0.505993 0.728860 0.826601 0.018645 0.192777
0 0.493821 0.704752 0.221708 0.009314 0.096586
0 0.343053 0.368917 0.323668 0.007976 0.086584
0 0.313320 0.610694 0.224519 0.008425 0.079248
0 0.307661 0.487844 0.246424 0.008805 0.078461
0 0.299099 0.757192 0.965744 0.013261 0.069557
0 0.288804 0.684174 0.204741 0.007471 0.077056
0 0.261709 0.570790 0.965337 0.014339 0.078095
0 0.247523 0.329212 0.403765 0.008882 0.090923
