0 0.912413 0.277679 0.939861 0.017077 0.132218
0 0.822593 0.376259 0.311149 0.010675 0.105083
0 0.820421 0.509303 0.919426 0.018612 0.142452
0 0.814716 0.202482 0.408964 0.011222 0.103356
0 0.799091 0.455594 0.921446 0.017497 0.159280
0 0.793859 0.252495 0.945518 0.017093 0.140792
0 0.792449 0.591328 0.443077 0.015258 0.151696
0 0.774432 0.503705 0.463487 1.042851 0.910784
0 0.746045 0.657657 0.934696 0.018428 0.155152
0 0.733547 0.896475 0.945875 0.022275 0.126641
0 0.731757 0.333572 0.394226 0.010543 0.108949
0 0.726945 0.489903 0.913789 0.017908 0.143718
0 0.710344 0.473634 0.920859 0.017338 0.138379
0 0.628877 0.689093 0.237044 0.012771 0.127076
0 0.593337 0.585803 0.950629 0.016723 0.103730
0 0.584838 0.873538 0.939771 0.022353 0.115731
0 0.526269 0.855194 0.943870 0.022692 0.109727
0 0.514753 0.507152 0.330404 0.012967 0.132090
0 0.507396 0.548886 0.191364 0.009037 0.094544
0 0.498601 0.409487 0.245986 0.006699 0.069823
0 0.487687 0.841827 0.946498 0.018387 0.107702
0 0.474527 0.454242 0.228578 0.010238 0.105715
0 0.373765 0.456852 0.285677 0.012354 0.103301
0 0.313938 0.757298 0.965579 0.013314 0.073811
