0 0.956493 0.137888 0.805556 0.013941 0.168569
0 0.927178 0.255217 0.933488 0.017019 0.143614
0 0.904199 0.488484 0.455048 0.012243 0.135707
0 0.844854 0.287152 0.934533 0.015957 0.165694
0 0.829809 0.274331 0.421915 0.009833 0.125644
0 0.810297 0.509448 0.917637 0.017183 0.148260
0 0.807623 0.895580 0.943432 0.020203 0.112324
0 0.788856 0.497256 0.494059 0.986686 0.868687
0 0.784051 0.699600 0.407918 0.016886 0.113102
0 0.772046 0.455518 0.924817 0.015790 0.150514
0 0.769626 0.178696 0.645683 0.010612 0.116463
0 0.746616 0.585722 0.949504 0.020146 0.121543
0 0.724584 0.853336 0.944825 0.022154 0.115672
0 0.704097 0.872897 0.939884 0.021895 0.112428
0 0.702869 0.490106 0.915627 0.018027 0.139490
0 0.680601 0.471880 0.924280 0.016365 0.132008
0 0.656495 0.664970 0.294064 0.012932 0.084108
0 0.656114 0.659192 0.917447 0.017915 0.174883
0 0.562275 0.351040 0.460831 0.008171 0.087411
0 0.561887 0.329854 0.344295 0.007896 0.081952
0 0.543993 0.313820 0.452522 0.010358 0.136576
0 0.503772 0.842022 0.950939 0.016469 0.110145
0 0.498424 0.323710 0.538402 0.008949 0.082983
0 0.465798 0.305696 0.411504 0.009615 0.140212
0 0.462517 0.203027 0.606778 0.011082 0.114019
0 0.433499 0.223222 0.606956 0.011606 0.108122
0 0.425346 0.561473 0.234961 0.009845 0.086128
0 0.407764 0.185942 0.603730 0.010729 0.114740
0 0.400339 0.386808 0.299508 0.009030 0.105627
0 0.328050 0.368700 0.516494 0.008762 0.102981
0 0.296697 0.206518 0.631006 0.008697 0.074485
0 0.292238 0.734150 0.888732 0.018601 0.154294
