0 0.960368 0.169573 0.826533 0.013318 0.189934
0 0.937527 0.254291 0.938344 0.017045 0.145593
0 0.923553 0.225176 0.573935 0.011557 0.143996
0 0.919446 0.434278 0.558722 0.012351 0.147197
0 0.917809 0.501658 0.487024 1.038208 0.919625
0 0.894471 0.285833 0.672704 0.013831 0.166242
0 0.871691 0.199496 0.695964 0.013758 0.162819
0 0.823412 0.893248 0.937730 0.022915 0.131877
0 0.808578 0.510741 0.920413 0.018361 0.152998
0 0.804400 0.741507 0.472348 0.013776 0.158403
0 0.796973 0.503033 0.483991 0.012971 0.152528
0 0.778680 0.248058 0.567137 0.013127 0.153498
0 0.747925 0.286890 0.933739 0.015917 0.159390
0 0.742028 0.457089 0.924192 0.016378 0.156912
0 0.737055 0.338235 0.429435 0.013045 0.156484
0 0.692192 0.488975 0.917336 0.018842 0.142601
0 0.662702 0.854116 0.943491 0.022090 0.120943
0 0.662219 0.585605 0.951306 0.021214 0.124652
0 0.630679 0.362551 0.466797 0.012157 0.150887
0 0.627293 0.414969 0.299328 0.008823 0.104530
0 0.613275 0.872548 0.940505 0.021721 0.114861
0 0.597519 0.470954 0.922788 0.016361 0.134004
0 0.546944 0.357063 0.542467 0.012511 0.108555
0 0.530824 0.705098 0.438882 0.014035 0.120088
0 0.514826 0.659811 0.914513 0.017786 0.173151
0 0.459840 0.842242 0.951402 0.016244 0.111343
0 0.438189 0.722836 0.307203 0.010722 0.107311
0 0.437108 0.523286 0.249929 0.010518 0.102999
0 0.436192 0.163108 0.440313 0.009445 0.108364
0 0.403438 0.381804 0.337809 0.006774 0.072717
0 0.396675 0.593705 0.232906 0.011766 0.088712
0 0.298076 0.373872 0.915858 0.022365 0.122763
0 0.290932 0.744431 0.822589 0.014861 0.142988
0 0.259219 0.290326 0.675092 0.012039 0.141292
