0 0.964576 0.223351 0.769788 0.014358 0.236899
0 0.959159 0.754963 0.822530 0.014482 0.242534
0 0.913860 0.286994 0.939912 0.015186 0.161660
0 0.904779 0.254688 0.936676 0.017751 0.143413
0 0.894955 0.361258 0.690698 0.012930 0.172790
0 0.885642 0.291487 0.566107 0.013054 0.139068
0 0.862714 0.503986 0.486535 1.003212 0.902185
0 0.861281 0.546375 0.557312 0.012710 0.147395
0 0.827075 0.511208 0.922164 0.018749 0.148291
0 0.754580 0.452698 0.927743 0.015826 0.151050
0 0.731359 0.407986 0.551948 0.011100 0.129127
0 0.727395 0.390502 0.431091 0.009400 0.123577
0 0.725361 0.660209 0.913478 0.015639 0.167546
0 0.722161 0.527299 0.533730 0.012785 0.117079
0 0.709597 0.489326 0.919503 0.019110 0.143787
0 0.702091 0.891132 0.934111 0.027127 0.134569
0 0.689991 0.585576 0.948744 0.018734 0.122605
0 0.664789 0.471227 0.924648 0.016710 0.141614
0 0.661580 0.855790 0.942609 0.020986 0.118920
0 0.628494 0.373716 0.427038 0.007279 0.102284
0 0.602102 0.707098 0.584585 0.013951 0.172871
0 0.535380 0.841761 0.948146 0.015801 0.114796
0 0.521941 0.444523 0.293727 0.007816 0.107328
0 0.519582 0.747948 0.328001 0.013219 0.131221
0 0.518777 0.354254 0.399262 0.008107 0.113029
0 0.500320 0.629954 0.237914 0.010285 0.109633
0 0.410677 0.874110 0.935812 0.021552 0.115589
0 0.396937 0.411303 0.438776 0.008840 0.106608
0 0.349225 0.598386 0.938625 0.012880 0.131661
0 0.329302 0.561170 0.251668 0.008098 0.076804
0 0.321703 0.378545 0.915418 0.014062 0.102487
0 0.282823 0.544750 0.947813 0.013355 0.108394
0 0.246860 0.351926 0.371328 0.008060 0.109851
