0 0.958010 0.759787 0.819101 0.014917 0.196357
0 0.923693 0.568025 0.557541 0.013128 0.143268
0 0.898073 0.357544 0.465868 0.013994 0.181860
0 0.878172 0.688243 0.571930 0.015084 0.157248
0 0.871560 0.430502 0.456974 0.014957 0.127327
0 0.866768 0.293714 0.598598 0.010835 0.112515
0 0.865896 0.468308 0.551906 0.015084 0.142801
0 0.833256 0.660321 0.907370 0.016247 0.167619
0 0.827907 0.630497 0.803354 0.014670 0.205391
0 0.824885 0.510142 0.492765 1.017845 0.901991
0 0.796219 0.891586 0.929933 0.026776 0.139714
0 0.730648 0.764635 0.348331 0.012247 0.129751
0 0.715575 0.854371 0.940819 0.021492 0.119076
0 0.714876 0.279412 0.810540 0.014722 0.189198
0 0.692633 0.586835 0.952556 0.018842 0.112606
0 0.692183 0.455052 0.930788 0.016483 0.158936
0 0.675490 0.255388 0.917863 0.018304 0.169555
0 0.675259 0.393954 0.707237 0.015096 0.149075
0 0.654550 0.285168 0.899019 0.017490 0.220063
0 0.560749 0.491513 0.916770 0.016396 0.140385
0 0.557566 0.258855 0.801897 0.014175 0.190639
0 0.556174 0.873302 0.932645 0.022196 0.122263
0 0.527436 0.842669 0.950651 0.017622 0.112537
0 0.500947 0.473847 0.929034 0.016123 0.138939
0 0.482171 0.458691 0.306074 0.009327 0.094469
0 0.448935 0.482976 0.424780 0.009703 0.107315
0 0.406956 0.372217 0.443514 0.009445 0.102179
0 0.399157 0.411137 0.363333 0.008239 0.090081
0 0.370338 0.657416 0.244818 0.008779 0.089714
0 0.324858 0.727356 0.544069 0.013443 0.130011
0 0.275921 0.477435 0.458206 0.009766 0.070523
