0 0.949575 0.090632 0.929195 0.014737 0.157480
0 0.924903 0.259206 0.937260 0.015344 0.133049
0 0.914602 0.454490 0.922773 0.019784 0.161646
0 0.914322 0.506733 0.914199 0.023661 0.159174
0 0.860139 0.914790 0.560376 0.015813 0.156830
0 0.788184 0.586170 0.951959 0.020391 0.119790
0 0.760719 0.663152 0.341499 0.013456 0.129248
0 0.721940 0.375006 0.910846 0.025362 0.157976
0 0.719774 0.778574 0.326544 0.012098 0.132731
0 0.718737 0.474625 0.921020 0.021185 0.148667
0 0.714310 0.650807 0.916884 0.018853 0.182249
0 0.702369 0.066941 0.961413 0.009621 0.093265
0 0.690657 0.485962 0.911531 0.019994 0.164159
0 0.676349 0.574158 0.488239 1.001134 0.838889
0 0.672388 0.972207 0.330230 0.011320 0.148384
0 0.664629 0.853681 0.939441 0.021360 0.121278
0 0.644542 0.880321 0.333560 0.010989 0.083215
0 0.619802 0.894421 0.940200 0.020805 0.121562
0 0.608670 0.873208 0.934209 0.020106 0.118338
0 0.512250 0.331579 0.397665 0.009169 0.068397
0 0.501637 0.841865 0.947697 0.017137 0.112876
0 0.370729 0.937084 0.368748 0.009110 0.113410
0 0.368924 0.702543 0.533958 0.013194 0.096843
0 0.348545 0.719555 0.960815 0.020893 0.079316
0 0.330166 0.938020 0.406549 0.009369 0.096595
0 0.300597 0.728617 0.576658 0.012151 0.143600
0 0.258272 0.166920 0.174576 0.007609 0.093617
