0 0.964545 0.139345 0.927084 0.014162 0.133973
0 0.884071 0.454703 0.926848 0.018589 0.166236
0 0.867271 0.956024 0.543985 0.015230 0.184012
0 0.866547 0.507283 0.915381 0.022016 0.158786
0 0.850514 0.252522 0.944884 0.015496 0.133738
0 0.825939 0.581044 0.504730 1.022268 0.844183
0 0.803655 0.753316 0.601005 0.014116 0.197223
0 0.800437 0.585959 0.946400 0.019919 0.120220
0 0.760512 0.872982 0.935316 0.021338 0.122361
0 0.758121 0.895177 0.940672 0.022095 0.125134
0 0.726328 0.475443 0.923917 0.019307 0.151134
0 0.724635 0.853588 0.940136 0.021820 0.121775
0 0.719227 0.369091 0.925272 0.025974 0.164526
0 0.669083 0.651324 0.916721 0.018847 0.184261
0 0.645938 0.486513 0.913092 0.018434 0.158858
0 0.617200 0.812258 0.296883 0.008527 0.125143
0 0.555248 0.842880 0.352894 0.011475 0.093684
0 0.536992 0.842287 0.945909 0.017064 0.114778
0 0.529797 0.098404 0.965520 0.013306 0.086197
0 0.528931 0.797952 0.296760 0.009289 0.114682
0 0.423676 0.676747 0.334968 0.011875 0.142792
0 0.418472 0.714090 0.466616 0.012872 0.183607
0 0.359374 0.983857 0.368441 0.011751 0.146665
0 0.315184 0.329411 0.366686 0.009990 0.101805
0 0.313996 0.924802 0.368471 0.012067 0.134121
0 0.308554 0.720047 0.963218 0.027289 0.075123
0 0.244360 0.325451 0.360903 0.008619 0.089166
