0 0.905253 0.455067 0.924872 0.019846 0.163421
0 0.887674 0.507204 0.913604 0.022970 0.156932
0 0.858939 0.952352 0.310959 0.014746 0.130440
0 0.833212 0.141844 0.965558 0.014772 0.078175
0 0.811607 0.585800 0.945678 0.021819 0.126805
0 0.732039 0.372423 0.913525 0.027252 0.162354
0 0.727114 0.251561 0.947173 0.015778 0.140628
0 0.723809 0.193550 0.936388 0.013453 0.124875
0 0.717253 0.895684 0.941706 0.022073 0.123988
0 0.707750 0.629531 0.435796 0.014867 0.112991
0 0.705813 0.485741 0.910853 0.019771 0.161239
0 0.702508 0.573013 0.469489 0.996080 0.868279
0 0.696665 0.872623 0.935368 0.020858 0.119941
0 0.670025 0.853839 0.940440 0.021314 0.119338
0 0.660088 0.321310 0.367261 0.008318 0.100950
0 0.628275 0.715929 0.204770 0.012115 0.097859
0 0.623330 0.475144 0.917790 0.020503 0.150872
0 0.622012 0.841781 0.945250 0.016677 0.114198
0 0.578309 0.762825 0.315014 0.010405 0.078821
0 0.563184 0.656819 0.917111 0.018947 0.175729
0 0.511238 0.676027 0.601801 0.014322 0.162440
0 0.482440 0.720184 0.959917 0.023035 0.084921
0 0.350736 0.777983 0.222997 0.009842 0.090052
0 0.330759 0.880651 0.440610 0.012499 0.107582
0 0.297145 0.874224 0.215559 0.012569 0.094049
0 0.256650 0.638283 0.242609 0.006989 0.064088
