0 0.949362 0.819625 0.911881 0.016233 0.177238
0 0.924457 0.396788 0.431279 0.011067 0.123099
0 0.897124 0.337759 0.942452 0.016230 0.120621
0 0.894879 0.659554 0.465083 0.015094 0.169218
0 0.890131 0.772049 0.899707 0.017533 0.198849
0 0.848542 0.578651 0.460319 1.065495 0.883693
0 0.832080 0.859322 0.952822 0.022497 0.133734
0 0.787653 0.913619 0.297595 0.013124 0.115285
0 0.752884 0.476534 0.557042 0.011060 0.147863
0 0.748426 0.587860 0.956989 0.024292 0.100223
0 0.730002 0.371238 0.934191 0.019750 0.143130
0 0.694955 0.741054 0.478847 0.015136 0.175962
0 0.655775 0.472868 0.284704 0.008779 0.094315
0 0.648402 0.516924 0.321658 0.008065 0.098176
0 0.628267 0.810457 0.355480 0.010716 0.096691
0 0.622812 0.629552 0.348541 0.011177 0.130228
0 0.586510 0.267317 0.968690 0.018233 0.096184
0 0.538978 0.531833 0.894702 0.021501 0.178017
0 0.506293 0.908658 0.948955 0.022784 0.140084
0 0.503509 0.876913 0.948950 0.021082 0.124228
0 0.499758 0.608191 0.298946 0.008921 0.086948
0 0.478852 0.484295 0.934036 0.018809 0.143204
0 0.455737 0.599831 0.960543 0.017894 0.099937
0 0.454813 0.898443 0.945857 0.023716 0.123304
0 0.435553 0.837368 0.179629 0.010180 0.095279
0 0.386567 0.853026 0.286754 0.010467 0.103746
0 0.318784 0.676861 0.210925 0.007834 0.081885
0 0.313188 0.178832 0.400063 0.008557 0.098943
0 0.285288 0.986746 0.129072 0.008684 0.096491
0 0.262711 0.723601 0.962443 0.019796 0.074112
0 0.251038 0.429880 0.948180 0.015114 0.126787
