0 0.963340 0.218967 0.926207 0.015432 0.139572
0 0.928332 0.253111 0.938234 0.014974 0.134254
0 0.916327 0.571236 0.430097 0.013916 0.170508
0 0.898366 0.454867 0.924192 0.018917 0.162652
0 0.868693 0.507140 0.914865 0.021646 0.155347
0 0.816782 0.607679 0.312665 0.010213 0.093554
0 0.811638 0.312761 0.362237 0.010910 0.121963
0 0.756119 0.373781 0.913951 0.024035 0.160941
0 0.724337 0.585875 0.946823 0.020091 0.121021
0 0.701352 0.474905 0.919381 0.018892 0.147125
0 0.699155 0.486632 0.912249 0.018600 0.154551
0 0.657124 0.895660 0.941948 0.022397 0.126441
0 0.614769 0.853819 0.939750 0.021820 0.120827
0 0.604426 0.574382 0.490708 1.002360 0.883335
0 0.572053 0.646440 0.650575 0.014481 0.119214
0 0.538542 0.872424 0.939059 0.021294 0.115768
0 0.521077 0.868064 0.329646 0.010367 0.089808
0 0.487494 0.641463 0.231190 0.007288 0.077831
0 0.469809 0.842184 0.947878 0.017038 0.112081
0 0.461485 0.656674 0.924921 0.017390 0.174464
0 0.459029 0.890551 0.437735 0.011773 0.106763
0 0.426209 0.916828 0.280939 0.011785 0.088566
0 0.403125 0.720220 0.959540 0.020850 0.082802
0 0.372199 0.129739 0.969623 0.011237 0.055027
0 0.358117 0.140709 0.969908 0.015393 0.059907
0 0.320054 0.887638 0.206570 0.009652 0.092695
0 0.317396 0.824509 0.208216 0.012413 0.109079
0 0.267079 0.648110 0.607708 0.013330 0.145267
