0 0.907792 0.805521 0.911056 0.018907 0.215502
0 0.898379 0.505040 0.501413 1.087104 0.956797
0 0.854330 0.277769 0.811112 0.016796 0.161032
0 0.851562 0.528153 0.442771 0.013931 0.116534
0 0.833995 0.877705 0.944517 0.024913 0.150078
0 0.824454 0.232716 0.415455 0.012661 0.113588
0 0.820779 0.973784 0.478608 0.017224 0.168751
0 0.815317 0.310341 0.940818 0.016511 0.134155
0 0.763442 0.398505 0.685576 0.017303 0.138462
0 0.746521 0.396405 0.446796 0.012914 0.105700
0 0.736427 0.455673 0.346601 0.010726 0.117895
0 0.735462 0.396221 0.941310 0.019909 0.148451
0 0.717989 0.507209 0.921780 0.017333 0.158448
0 0.669846 0.643411 0.705798 0.018566 0.181094
0 0.666403 0.570689 0.951421 0.019411 0.119189
0 0.662867 0.523033 0.927300 0.014863 0.146546
0 0.655215 0.266150 0.828977 0.014840 0.184728
0 0.613648 0.746566 0.529437 0.015796 0.159686
0 0.574131 0.655772 0.306055 0.008679 0.098477
0 0.557534 0.543708 0.248921 0.010089 0.096568
0 0.550684 0.900511 0.951458 0.023336 0.137127
0 0.493309 0.473543 0.793983 0.016298 0.161386
0 0.443812 0.588193 0.951696 0.020682 0.113222
0 0.441631 0.695878 0.673538 0.015051 0.172339
0 0.407602 0.599263 0.953403 0.017086 0.108478
0 0.383712 0.472113 0.536695 0.009909 0.087434
0 0.380963 0.910016 0.945199 0.021711 0.143599
0 0.362606 0.697390 0.194553 0.011783 0.092217
0 0.327935 0.228909 0.409362 0.010900 0.090956
0 0.327038 0.483867 0.567141 0.011006 0.118854
0 0.314188 0.802733 0.408711 0.013672 0.083957
0 0.290427 0.824875 0.238783 0.012752 0.091177
