0 0.924014 0.801391 0.906180 0.022002 0.221005
0 0.922866 0.293185 0.810519 0.015946 0.184705
0 0.897193 0.183517 0.757346 0.014964 0.140988
0 0.886811 0.450516 0.674276 0.015891 0.163878
0 0.871714 0.497573 0.506303 1.050166 0.880731
0 0.856052 0.782624 0.443041 0.016642 0.159995
0 0.847712 0.876855 0.948365 0.025521 0.134418
0 0.822168 0.493355 0.926261 0.019602 0.159279
0 0.805710 0.353737 0.583514 0.011380 0.147060
0 0.756916 0.228373 0.605458 0.015207 0.152420
0 0.706923 0.309684 0.934512 0.015682 0.149079
0 0.640625 0.316206 0.671886 0.012774 0.139134
0 0.639575 0.570121 0.948758 0.017956 0.114644
0 0.623487 0.339394 0.363810 0.008788 0.115389
0 0.619189 0.387262 0.485241 0.012624 0.129036
0 0.596018 0.719027 0.312358 0.010231 0.115060
0 0.586130 0.323213 0.597282 0.010788 0.143434
0 0.548540 0.900323 0.955950 0.023389 0.126977
0 0.523085 0.265213 0.488504 0.012288 0.138376
0 0.518657 0.362880 0.333858 0.008446 0.118187
0 0.502572 0.397900 0.912731 0.016856 0.107610
0 0.494968 0.513296 0.324293 0.007607 0.096954
0 0.479237 0.522044 0.925562 0.016546 0.147581
0 0.472704 0.572367 0.481090 0.012078 0.121519
0 0.464064 0.608180 0.243101 0.009474 0.092229
0 0.457203 0.514654 0.916791 0.020080 0.162207
0 0.444275 0.474508 0.925479 0.017953 0.145496
0 0.427767 0.169915 0.437959 0.007703 0.089576
0 0.385751 0.586945 0.953557 0.017988 0.103489
0 0.373480 0.739514 0.407909 0.010739 0.088231
0 0.356692 0.570062 0.529919 0.013487 0.079982
0 0.337371 0.908781 0.954469 0.021190 0.132110
0 0.305204 0.425799 0.281305 0.006031 0.092426
0 0.301684 0.852837 0.969647 0.019476 0.072032
0 0.257115 0.599198 0.956174 0.014166 0.093675
0 0.256575 0.417322 0.935625 0.016594 0.094106
0 0.244704 0.171363 0.757183 0.009425 0.093453
