0 0.983001 0.164325 0.798126 0.016554 0.160793
0 0.907188 0.801365 0.907926 0.021560 0.223079
0 0.861436 0.215357 0.562280 0.013485 0.148017
0 0.861030 0.502608 0.481955 0.986531 0.872892
0 0.858936 0.381756 0.562240 0.009872 0.113143
0 0.769310 0.298449 0.577386 0.014452 0.166506
0 0.753373 0.356751 0.581216 0.014290 0.171030
0 0.728908 0.899758 0.952896 0.023383 0.134026
0 0.728172 0.440233 0.416673 0.009868 0.133613
0 0.700123 0.277724 0.659812 0.016270 0.184149
0 0.696532 0.495557 0.922023 0.017656 0.146364
0 0.694267 0.436005 0.924473 0.022441 0.139788
0 0.677770 0.339040 0.557166 0.009435 0.105510
0 0.663145 0.306152 0.942148 0.017700 0.140027
0 0.652154 0.569157 0.946002 0.019455 0.120979
0 0.647004 0.874259 0.940478 0.017596 0.117472
0 0.626949 0.522603 0.917668 0.017127 0.152824
0 0.591904 0.482980 0.469959 0.009166 0.116475
0 0.540314 0.509237 0.912517 0.018871 0.158361
0 0.514684 0.162892 0.447481 0.008643 0.106619
0 0.494911 0.275177 0.595103 0.013346 0.151225
0 0.477556 0.588811 0.952333 0.021182 0.115618
0 0.443334 0.317375 0.369956 0.007882 0.115350
0 0.419916 0.910441 0.952179 0.021004 0.132792
0 0.414533 0.293567 0.415481 0.009732 0.113206
0 0.403641 0.857564 0.926124 0.019180 0.128088
0 0.392119 0.665429 0.291448 0.011151 0.110106
0 0.390626 0.300463 0.648220 0.016400 0.141078
0 0.343499 0.367507 0.340474 0.008798 0.103027
0 0.309354 0.357190 0.662854 0.015469 0.101244
0 0.308935 0.472913 0.923196 0.017223 0.117251
0 0.302184 0.599315 0.952512 0.016896 0.111302
0 0.249987 0.618264 0.247317 0.010343 0.095978
