0 0.932300 0.801785 0.909103 0.021042 0.207423
0 0.910709 0.196469 0.704538 0.013463 0.145249
0 0.865862 0.501423 0.453716 1.009892 0.908396
0 0.841819 0.306173 0.939720 0.016904 0.148532
0 0.841060 0.300530 0.451160 0.011108 0.129181
0 0.821480 0.324418 0.406997 0.009045 0.122654
0 0.819875 0.875845 0.954082 0.023942 0.113928
0 0.814093 0.776360 0.824401 0.014957 0.213336
0 0.774949 0.454388 0.460477 0.009393 0.121874
0 0.736051 0.899989 0.952354 0.024486 0.124401
0 0.719734 0.434814 0.930042 0.016221 0.142495
0 0.665378 0.416042 0.290403 0.007004 0.091740
0 0.661481 0.570973 0.948340 0.017184 0.120225
0 0.622579 0.496889 0.916417 0.013221 0.128804
0 0.614807 0.524413 0.486640 0.011066 0.132887
0 0.560921 0.474548 0.920506 0.014176 0.123594
0 0.522710 0.587306 0.952544 0.020411 0.117131
0 0.518084 0.252664 0.767293 0.019700 0.139235
0 0.498932 0.397593 0.308865 0.006665 0.079123
0 0.480756 0.425921 0.485457 0.008804 0.115697
0 0.474048 0.685213 0.290413 0.010488 0.096473
0 0.458706 0.521507 0.926162 0.012744 0.135191
0 0.456440 0.509698 0.917010 0.016043 0.140328
0 0.453467 0.651495 0.221340 0.007932 0.089516
0 0.452435 0.255723 0.691500 0.016886 0.175474
0 0.449480 0.702906 0.399729 0.013453 0.114801
0 0.446613 0.369580 0.555532 0.013008 0.136379
0 0.437525 0.909887 0.947966 0.022094 0.135200
0 0.419128 0.779390 0.899175 0.016672 0.144560
0 0.393435 0.176758 0.410460 0.008534 0.123339
0 0.384467 0.523834 0.525511 0.011370 0.074746
0 0.370414 0.600629 0.236825 0.007575 0.082603
0 0.369123 0.599105 0.956619 0.016310 0.108829
0 0.363564 0.853179 0.968827 0.019647 0.067733
0 0.329908 0.397180 0.931209 0.013837 0.109648
0 0.314961 0.704752 0.362085 0.010942 0.091911
0 0.254167 0.425983 0.517284 0.007103 0.079236
0 0.247671 0.259899 0.593658 0.010005 0.111232
