0 0.950280 0.797488 0.891147 0.023222 0.209282
0 0.943823 0.334200 0.923865 0.016988 0.157768
0 0.855285 0.841982 0.599215 0.016589 0.178744
0 0.833479 0.797240 0.445224 0.014930 0.119644
0 0.824690 0.471884 0.921495 0.018154 0.138491
0 0.815040 0.526183 0.916592 0.017657 0.139625
0 0.785748 0.496863 0.919650 0.015644 0.140216
0 0.772229 0.456958 0.925014 0.017054 0.153730
0 0.760707 0.853676 0.934984 0.020326 0.136306
0 0.759510 0.578602 0.475763 0.969802 0.883615
0 0.744385 0.761620 0.346089 0.010216 0.101208
0 0.678679 0.704259 0.211613 0.010868 0.098637
0 0.670538 0.301357 0.403064 0.010090 0.092417
0 0.665251 0.877150 0.949959 0.022242 0.124173
0 0.661231 0.898702 0.951221 0.023438 0.126061
0 0.655968 0.605473 0.397711 0.016872 0.162756
0 0.625308 0.887372 0.189423 0.010521 0.095858
0 0.553999 0.584908 0.951692 0.017942 0.101215
0 0.545964 0.506082 0.914301 0.016581 0.155181
0 0.515973 0.745759 0.208250 0.011844 0.114777
0 0.481239 0.907208 0.113546 0.009041 0.108380
0 0.458530 0.860381 0.341241 0.013889 0.101502
0 0.457149 0.569984 0.945965 0.016642 0.102536
0 0.437536 0.842521 0.941179 0.017227 0.131334
0 0.410981 0.604990 0.358281 0.013014 0.122490
0 0.405703 0.853653 0.207528 0.010160 0.113846
0 0.360858 0.627677 0.237508 0.007592 0.081984
0 0.360551 0.303420 0.372235 0.009272 0.097835
0 0.330701 0.599154 0.958703 0.013630 0.090181
0 0.314155 0.561479 0.726422 0.016940 0.188228
0 0.279941 0.547239 0.936968 0.017410 0.112946
